symbol,date,open,high,low,close,volume,year,month,week,weekday
"SAV","2002-05-09","6.17","6.17","6.17","6.17","47200","2002","05","19","Thursday"
"SAV","2002-05-10","6.29","6.29","6.29","6.29","14800","2002","05","19","Friday"
"SAV","2002-05-13","6.19","6.19","6.19","6.19","53100","2002","05","20","Monday"
"SAV","2002-05-14","6.29","6.29","6.29","6.29","11700","2002","05","20","Tuesday"
"SAV","2002-05-15","6.29","6.29","6.29","6.29","21200","2002","05","20","Wednesday"
"SAV","2002-05-16","6.21","6.21","6.21","6.21","18800","2002","05","20","Thursday"
"SAV","2002-05-17","6.17","6.17","6.17","6.17","17700","2002","05","20","Friday"
"SAV","2002-05-20","6.17","6.17","6.17","6.17","15400","2002","05","21","Monday"
"SAV","2002-05-21","6.17","6.17","6.17","6.17","24900","2002","05","21","Tuesday"
"SAV","2002-05-22","6.17","6.17","6.17","6.17","15300","2002","05","21","Wednesday"
"SAV","2002-05-23","6.09","6.09","6.09","6.09","13100","2002","05","21","Thursday"
"SAV","2002-05-24","5.99","5.99","5.99","5.99","22600","2002","05","21","Friday"
"SAV","2002-05-27","5.89","5.89","5.89","5.89","8100","2002","05","22","Monday"
"SAV","2002-05-28","5.8","5.8","5.8","5.8","3100","2002","05","22","Tuesday"
"SAV","2002-05-29","5.7","5.7","5.7","5.7","23500","2002","05","22","Wednesday"
"SAV","2002-05-30","5.8","5.8","5.8","5.8","12300","2002","05","22","Thursday"
"SAV","2002-05-31","5.89","5.89","5.89","5.89","20800","2002","05","22","Friday"
"SAV","2002-06-03","5.89","5.89","5.89","5.89","7000","2002","06","23","Monday"
"SAV","2002-06-04","5.82","5.82","5.82","5.82","11700","2002","06","23","Tuesday"
"SAV","2002-06-05","5.8","5.8","5.8","5.8","3000","2002","06","23","Wednesday"
"SAV","2002-06-06","5.82","5.82","5.82","5.82","14000","2002","06","23","Thursday"
"SAV","2002-06-07","5.82","5.82","5.82","5.82","3100","2002","06","23","Friday"
"SAV","2002-06-10","5.92","5.92","5.92","5.92","8700","2002","06","24","Monday"
"SAV","2002-06-11","5.82","5.82","5.82","5.82","1600","2002","06","24","Tuesday"
"SAV","2002-06-12","5.82","5.82","5.82","5.82","2000","2002","06","24","Wednesday"
"SAV","2002-06-13","5.75","5.75","5.75","5.75","9100","2002","06","24","Thursday"
"SAV","2002-06-14","5.65","5.65","5.65","5.65","17500","2002","06","24","Friday"
"SAV","2002-06-17","5.65","5.65","5.65","5.65","26300","2002","06","25","Monday"
"SAV","2002-06-18","5.65","5.65","5.65","5.65","7100","2002","06","25","Tuesday"
"SAV","2002-06-19","5.55","5.55","5.55","5.55","7000","2002","06","25","Wednesday"
"SAV","2002-06-20","5.55","5.55","5.55","5.55","15200","2002","06","25","Thursday"
"SAV","2002-06-21","5.65","5.65","5.65","5.65","700","2002","06","25","Friday"
"SAV","2002-06-24","5.75","5.75","5.75","5.75","9000","2002","06","26","Monday"
"SAV","2002-06-25","5.8","5.8","5.8","5.8","18500","2002","06","26","Tuesday"
"SAV","2002-06-26","5.7","5.7","5.7","5.7","8200","2002","06","26","Wednesday"
"SAV","2002-06-27","5.62","5.62","5.62","5.62","12900","2002","06","26","Thursday"
"SAV","2002-06-28","5.65","5.65","5.65","5.65","2900","2002","06","26","Friday"
"SAV","2002-07-01","5.65","5.65","5.65","5.65","4500","2002","07","27","Monday"
"SAV","2002-07-02","5.6","5.6","5.6","5.6","16300","2002","07","27","Tuesday"
"SAV","2002-07-03","5.57","5.57","5.57","5.57","5800","2002","07","27","Wednesday"
"SAV","2002-07-04","5.52","5.52","5.52","5.52","15400","2002","07","27","Thursday"
"SAV","2002-07-05","5.62","5.62","5.62","5.62","1300","2002","07","27","Friday"
"SAV","2002-07-08","5.55","5.55","5.55","5.55","11800","2002","07","28","Monday"
"SAV","2002-07-09","5.5","5.5","5.5","5.5","5700","2002","07","28","Tuesday"
"SAV","2002-07-10","5.4","5.4","5.4","5.4","11700","2002","07","28","Wednesday"
"SAV","2002-07-11","5.33","5.33","5.33","5.33","7300","2002","07","28","Thursday"
"SAV","2002-07-12","5.3","5.3","5.3","5.3","12000","2002","07","28","Friday"
"SAV","2002-07-15","5.25","5.25","5.25","5.25","8100","2002","07","29","Monday"
"SAV","2002-07-16","5.16","5.16","5.16","5.16","11200","2002","07","29","Tuesday"
"SAV","2002-07-17","5.06","5.06","5.06","5.06","3500","2002","07","29","Wednesday"
"SAV","2002-07-18","4.96","4.96","4.96","4.96","400","2002","07","29","Thursday"
"SAV","2002-07-19","4.86","4.86","4.86","4.86","4200","2002","07","29","Friday"
"SAV","2002-07-22","4.79","4.79","4.79","4.79","17200","2002","07","30","Monday"
"SAV","2002-07-23","4.86","4.86","4.86","4.86","10400","2002","07","30","Tuesday"
"SAV","2002-07-24","4.93","4.93","4.93","4.93","10100","2002","07","30","Wednesday"
"SAV","2002-07-25","4.83","4.83","4.83","4.83","26700","2002","07","30","Thursday"
"SAV","2002-07-26","4.83","4.83","4.83","4.83","6900","2002","07","30","Friday"
"SAV","2002-07-29","4.88","4.88","4.88","4.88","9600","2002","07","31","Monday"
"SAV","2002-07-30","4.93","4.93","4.93","4.93","11800","2002","07","31","Tuesday"
"SAV","2002-07-31","4.93","4.93","4.93","4.93","7600","2002","07","31","Wednesday"
"SAV","2002-08-01","4.83","4.83","4.83","4.83","8800","2002","08","31","Thursday"
"SAV","2002-08-02","4.81","4.81","4.81","4.81","10000","2002","08","31","Friday"
"SAV","2002-08-05","4.83","4.83","4.83","4.83","3200","2002","08","32","Monday"
"SAV","2002-08-06","4.83","4.83","4.83","4.83","7700","2002","08","32","Tuesday"
"SAV","2002-08-07","4.83","4.83","4.83","4.83","3700","2002","08","32","Wednesday"
"SAV","2002-08-08","4.83","4.83","4.83","4.83","4000","2002","08","32","Thursday"
"SAV","2002-08-09","4.76","4.76","4.76","4.76","7700","2002","08","32","Friday"
"SAV","2002-08-12","4.66","4.66","4.66","4.66","12700","2002","08","33","Monday"
"SAV","2002-08-13","4.54","4.54","4.54","4.54","6500","2002","08","33","Tuesday"
"SAV","2002-08-14","4.42","4.42","4.42","4.42","7200","2002","08","33","Wednesday"
"SAV","2002-08-15","4.44","4.44","4.44","4.44","16600","2002","08","33","Thursday"
"SAV","2002-08-16","4.56","4.56","4.56","4.56","600","2002","08","33","Friday"
"SAV","2002-08-19","4.49","4.49","4.49","4.49","6400","2002","08","34","Monday"
"SAV","2002-08-20","4.49","4.49","4.49","4.49","4400","2002","08","34","Tuesday"
"SAV","2002-08-21","4.44","4.44","4.44","4.44","17900","2002","08","34","Wednesday"
"SAV","2002-08-22","4.46","4.46","4.46","4.46","8800","2002","08","34","Thursday"
"SAV","2002-08-23","4.44","4.44","4.44","4.44","8900","2002","08","34","Friday"
"SAV","2002-08-26","4.44","4.44","4.44","4.44","12500","2002","08","35","Monday"
"SAV","2002-08-27","4.44","4.44","4.44","4.44","5800","2002","08","35","Tuesday"
"SAV","2002-08-28","4.46","4.46","4.46","4.46","11800","2002","08","35","Wednesday"
"SAV","2002-08-29","4.54","4.54","4.54","4.54","6000","2002","08","35","Thursday"
"SAV","2002-08-30","4.46","4.46","4.46","4.46","7100","2002","08","35","Friday"
"SAV","2002-09-03","4.51","4.51","4.51","4.51","3600","2002","09","36","Tuesday"
"SAV","2002-09-04","4.49","4.49","4.49","4.49","7300","2002","09","36","Wednesday"
"SAV","2002-09-05","4.49","4.49","4.49","4.49","7200","2002","09","36","Thursday"
"SAV","2002-09-06","4.49","4.49","4.49","4.49","4300","2002","09","36","Friday"
"SAV","2002-09-10","4.49","4.49","4.49","4.49","3200","2002","09","37","Tuesday"
"SAV","2002-09-11","4.46","4.46","4.46","4.46","9400","2002","09","37","Wednesday"
"SAV","2002-09-12","4.46","4.46","4.46","4.46","1300","2002","09","37","Thursday"
"SAV","2002-09-13","4.46","4.46","4.46","4.46","1700","2002","09","37","Friday"
"SAV","2002-09-16","4.46","4.46","4.46","4.46","7800","2002","09","38","Monday"
"SAV","2002-09-17","4.46","4.46","4.46","4.46","7500","2002","09","38","Tuesday"
"SAV","2002-09-18","4.44","4.44","4.44","4.44","12800","2002","09","38","Wednesday"
"SAV","2002-09-19","4.44","4.44","4.44","4.44","7700","2002","09","38","Thursday"
"SAV","2002-09-20","4.39","4.39","4.39","4.39","2800","2002","09","38","Friday"
"SAV","2002-09-23","4.34","4.34","4.34","4.34","900","2002","09","39","Monday"
"SAV","2002-09-24","4.22","4.22","4.22","4.22","6200","2002","09","39","Tuesday"
"SAV","2002-09-25","4.34","4.34","4.34","4.34","21600","2002","09","39","Wednesday"
"SAV","2002-09-26","4.44","4.44","4.44","4.44","16500","2002","09","39","Thursday"
"SAV","2002-09-27","4.34","4.34","4.34","4.34","10200","2002","09","39","Friday"
"SAV","2002-09-30","4.34","4.34","4.34","4.34","8200","2002","09","40","Monday"
"SAV","2002-10-01","4.34","4.34","4.34","4.34","6800","2002","10","40","Tuesday"
"SAV","2002-10-02","4.34","4.34","4.34","4.34","6100","2002","10","40","Wednesday"
"SAV","2002-10-03","4.34","4.34","4.34","4.34","5000","2002","10","40","Thursday"
"SAV","2002-10-04","4.34","4.34","4.34","4.34","9000","2002","10","40","Friday"
"SAV","2002-10-07","4.34","4.34","4.34","4.34","3900","2002","10","41","Monday"
"SAV","2002-10-08","4.22","4.22","4.22","4.22","5100","2002","10","41","Tuesday"
"SAV","2002-10-09","4.12","4.12","4.12","4.12","10400","2002","10","41","Wednesday"
"SAV","2002-10-10","4.17","4.17","4.17","4.17","1300","2002","10","41","Thursday"
"SAV","2002-10-11","4.24","4.24","4.24","4.24","4700","2002","10","41","Friday"
"SAV","2002-10-14","4.27","4.27","4.27","4.27","1700","2002","10","42","Monday"
"SAV","2002-10-15","4.34","4.34","4.34","4.34","7500","2002","10","42","Tuesday"
"SAV","2002-10-16","4.32","4.32","4.32","4.32","5900","2002","10","42","Wednesday"
"SAV","2002-10-17","4.24","4.24","4.24","4.24","5000","2002","10","42","Thursday"
"SAV","2002-10-18","4.24","4.24","4.24","4.24","7600","2002","10","42","Friday"
"SAV","2002-10-21","4.24","4.24","4.24","4.24","3600","2002","10","43","Monday"
"SAV","2002-10-22","4.32","4.32","4.32","4.32","8200","2002","10","43","Tuesday"
"SAV","2002-10-23","4.27","4.27","4.27","4.27","3200","2002","10","43","Wednesday"
"SAV","2002-10-24","4.19","4.19","4.19","4.19","18500","2002","10","43","Thursday"
"SAV","2002-10-25","4.22","4.22","4.22","4.22","1400","2002","10","43","Friday"
"SAV","2002-10-28","4.22","4.22","4.22","4.22","12500","2002","10","44","Monday"
"SAV","2002-10-29","4.17","4.17","4.17","4.17","4500","2002","10","44","Tuesday"
"SAV","2002-10-31","4.14","4.14","4.14","4.14","4700","2002","10","44","Thursday"
"SAV","2002-11-01","4.17","4.17","4.17","4.17","1400","2002","11","44","Friday"
"SAV","2002-11-04","4.12","4.12","4.12","4.12","3700","2002","11","45","Monday"
"SAV","2002-11-05","4.14","4.14","4.14","4.14","3500","2002","11","45","Tuesday"
"SAV","2002-11-06","4.14","4.14","4.14","4.14","2200","2002","11","45","Wednesday"
"SAV","2002-11-07","4.12","4.12","4.12","4.12","6900","2002","11","45","Thursday"
"SAV","2002-11-08","4.12","4.12","4.12","4.12","12400","2002","11","45","Friday"
"SAV","2002-11-11","4.12","4.12","4.12","4.12","5200","2002","11","46","Monday"
"SAV","2002-11-12","4.07","4.07","4.07","4.07","6200","2002","11","46","Tuesday"
"SAV","2002-11-13","4.04","4.04","4.04","4.04","7600","2002","11","46","Wednesday"
"SAV","2002-11-14","4.02","4.02","4.02","4.02","9600","2002","11","46","Thursday"
"SAV","2002-11-15","4.02","4.02","4.02","4.02","12000","2002","11","46","Friday"
"SAV","2002-11-18","4.04","4.04","4.04","4.04","10400","2002","11","47","Monday"
"SAV","2002-11-19","4.04","4.04","4.04","4.04","13800","2002","11","47","Tuesday"
"SAV","2002-11-20","4.04","4.04","4.04","4.04","8500","2002","11","47","Wednesday"
"SAV","2002-11-21","4.04","4.04","4.04","4.04","2300","2002","11","47","Thursday"
"SAV","2002-11-22","4.04","4.04","4.04","4.04","5500","2002","11","47","Friday"
"SAV","2002-11-25","4.09","4.09","4.09","4.09","1800","2002","11","48","Monday"
"SAV","2002-11-26","4.12","4.12","4.12","4.12","6500","2002","11","48","Tuesday"
"SAV","2002-11-27","4.14","4.14","4.14","4.14","6400","2002","11","48","Wednesday"
"SAV","2002-11-28","4.14","4.14","4.14","4.14","11100","2002","11","48","Thursday"
"SAV","2002-11-29","4.19","4.19","4.19","4.19","15500","2002","11","48","Friday"
"SAV","2002-12-02","4.27","4.27","4.27","4.27","5800","2002","12","49","Monday"
"SAV","2002-12-03","4.39","4.39","4.39","4.39","2700","2002","12","49","Tuesday"
"SAV","2002-12-04","4.51","4.51","4.51","4.51","22700","2002","12","49","Wednesday"
"SAV","2002-12-05","4.51","4.51","4.51","4.51","24600","2002","12","49","Thursday"
"SAV","2002-12-06","4.42","4.42","4.42","4.42","16000","2002","12","49","Friday"
"SAV","2002-12-09","4.44","4.44","4.44","4.44","32400","2002","12","50","Monday"
"SAV","2002-12-10","4.51","4.51","4.51","4.51","7900","2002","12","50","Tuesday"
"SAV","2002-12-11","4.46","4.46","4.46","4.46","8700","2002","12","50","Wednesday"
"SAV","2002-12-12","4.51","4.51","4.51","4.51","12200","2002","12","50","Thursday"
"SAV","2002-12-13","4.51","4.51","4.51","4.51","9000","2002","12","50","Friday"
"SAV","2002-12-16","4.59","4.59","4.59","4.59","10800","2002","12","51","Monday"
"SAV","2002-12-17","4.69","4.69","4.69","4.69","51600","2002","12","51","Tuesday"
"SAV","2002-12-18","4.66","4.66","4.66","4.66","29700","2002","12","51","Wednesday"
"SAV","2002-12-19","4.64","4.64","4.64","4.64","21500","2002","12","51","Thursday"
"SAV","2002-12-20","4.56","4.56","4.56","4.56","26900","2002","12","51","Friday"
"SAV","2002-12-23","4.59","4.59","4.59","4.59","4200","2002","12","52","Monday"
"SAV","2002-12-24","4.61","4.61","4.61","4.61","5100","2002","12","52","Tuesday"
"SAV","2002-12-25","4.64","4.64","4.64","4.64","14300","2002","12","52","Wednesday"
"SAV","2002-12-26","4.19","4.19","4.19","4.19","17600","2002","12","52","Thursday"
"SAV","2002-12-27","4.14","4.14","4.14","4.14","7100","2002","12","52","Friday"
"SAV","2002-12-30","4.07","4.07","4.07","4.07","13100","2002","12","1","Monday"
"SAV","2002-12-31","4.07","4.07","4.07","4.07","11900","2002","12","1","Tuesday"
"SAV","2003-01-02","4.09","4.09","4.09","4.09","1500","2003","01","1","Thursday"
"SAV","2003-01-03","4.07","4.07","4.07","4.07","4200","2003","01","1","Friday"
"SAV","2003-01-06","4.07","4.07","4.07","4.07","1800","2003","01","2","Monday"
"SAV","2003-01-07","4.07","4.07","4.07","4.07","9100","2003","01","2","Tuesday"
"SAV","2003-01-08","4.07","4.07","4.07","4.07","2500","2003","01","2","Wednesday"
"SAV","2003-01-09","4.04","4.04","4.04","4.04","4100","2003","01","2","Thursday"
"SAV","2003-01-10","4.04","4.04","4.04","4.04","500","2003","01","2","Friday"
"SAV","2003-01-13","4.02","4.02","4.02","4.02","4300","2003","01","3","Monday"
"SAV","2003-01-14","4.02","4.02","4.02","4.02","1900","2003","01","3","Tuesday"
"SAV","2003-01-15","4.02","4.02","4.02","4.02","3300","2003","01","3","Wednesday"
"SAV","2003-01-16","4.02","4.02","4.02","4.02","9200","2003","01","3","Thursday"
"SAV","2003-01-17","4.02","4.02","4.02","4.02","10800","2003","01","3","Friday"
"SAV","2003-01-20","4.02","4.02","4.02","4.02","5900","2003","01","4","Monday"
"SAV","2003-01-21","3.97","3.97","3.97","3.97","15400","2003","01","4","Tuesday"
"SAV","2003-01-22","3.97","3.97","3.97","3.97","6300","2003","01","4","Wednesday"
"SAV","2003-01-23","4.02","4.02","4.02","4.02","6600","2003","01","4","Thursday"
"SAV","2003-01-24","4.07","4.07","4.07","4.07","11000","2003","01","4","Friday"
"SAV","2003-01-27","4.12","4.12","4.12","4.12","18700","2003","01","5","Monday"
"SAV","2003-01-28","4.12","4.12","4.12","4.12","22300","2003","01","5","Tuesday"
"SAV","2003-02-10","4.19","4.19","4.19","4.19","3600","2003","02","7","Monday"
"SAV","2003-02-11","4.07","4.07","4.07","4.07","2500","2003","02","7","Tuesday"
"SAV","2003-02-12","3.97","3.97","3.97","3.97","12100","2003","02","7","Wednesday"
"SAV","2003-02-13","4.07","4.07","4.07","4.07","7200","2003","02","7","Thursday"
"SAV","2003-02-14","4.07","4.07","4.07","4.07","6300","2003","02","7","Friday"
"SAV","2003-02-17","4.12","4.12","4.12","4.12","10400","2003","02","8","Monday"
"SAV","2003-02-18","4.09","4.09","4.09","4.09","500","2003","02","8","Tuesday"
"SAV","2003-02-19","4.07","4.07","4.07","4.07","2100","2003","02","8","Wednesday"
"SAV","2003-02-20","4.07","4.07","4.07","4.07","6900","2003","02","8","Thursday"
"SAV","2003-02-21","4.04","4.04","4.04","4.04","9100","2003","02","8","Friday"
"SAV","2003-02-24","4.07","4.07","4.07","4.07","3000","2003","02","9","Monday"
"SAV","2003-02-25","4.07","4.07","4.07","4.07","5300","2003","02","9","Tuesday"
"SAV","2003-02-26","4.04","4.04","4.04","4.04","3900","2003","02","9","Wednesday"
"SAV","2003-02-27","4.04","4.04","4.04","4.04","2000","2003","02","9","Thursday"
"SAV","2003-02-28","4.04","4.04","4.04","4.04","4700","2003","02","9","Friday"
"SAV","2003-03-03","4.04","4.04","4.04","4.04","18100","2003","03","10","Monday"
"SAV","2003-03-04","4.04","4.04","4.04","4.04","15400","2003","03","10","Tuesday"
"SAV","2003-03-05","4.04","4.04","4.04","4.04","19800","2003","03","10","Wednesday"
"SAV","2003-03-06","4.04","4.04","4.04","4.04","3200","2003","03","10","Thursday"
"SAV","2003-03-07","4.04","4.04","4.04","4.04","7800","2003","03","10","Friday"
"SAV","2003-03-10","4.02","4.02","4.02","4.02","9200","2003","03","11","Monday"
"SAV","2003-03-11","4.02","4.02","4.02","4.02","4600","2003","03","11","Tuesday"
"SAV","2003-03-12","4.02","4.02","4.02","4.02","8200","2003","03","11","Wednesday"
"SAV","2003-03-13","4.02","4.02","4.02","4.02","2300","2003","03","11","Thursday"
"SAV","2003-03-14","4.04","4.04","4.04","4.04","3400","2003","03","11","Friday"
"SAV","2003-03-17","4.04","4.04","4.04","4.04","2700","2003","03","12","Monday"
"SAV","2003-03-18","4.02","4.02","4.02","4.02","4100","2003","03","12","Tuesday"
"SAV","2003-03-19","4.02","4.02","4.02","4.02","10400","2003","03","12","Wednesday"
"SAV","2003-03-20","4.02","4.02","4.02","4.02","10800","2003","03","12","Thursday"
"SAV","2003-03-21","4.04","4.04","4.04","4.04","4700","2003","03","12","Friday"
"SAV","2003-03-24","4.02","4.02","4.02","4.02","3500","2003","03","13","Monday"
"SAV","2003-03-25","4.02","4.02","4.02","4.02","4200","2003","03","13","Tuesday"
"SAV","2003-03-26","3.97","3.97","3.97","3.97","13500","2003","03","13","Wednesday"
"SAV","2003-03-27","3.95","3.95","3.95","3.95","7900","2003","03","13","Thursday"
"SAV","2003-03-28","3.95","3.95","3.95","3.95","13000","2003","03","13","Friday"
"SAV","2003-03-31","3.77","3.77","3.77","3.77","8300","2003","03","14","Monday"
"SAV","2003-04-01","3.67","3.67","3.67","3.67","18600","2003","04","14","Tuesday"
"SAV","2003-04-02","3.85","3.85","3.85","3.85","6200","2003","04","14","Wednesday"
"SAV","2003-04-03","3.95","3.95","3.95","3.95","22300","2003","04","14","Thursday"
"SAV","2003-04-04","3.97","3.97","3.97","3.97","13100","2003","04","14","Friday"
"SAV","2003-04-07","3.97","3.97","3.97","3.97","6000","2003","04","15","Monday"
"SAV","2003-04-08","3.9","3.9","3.9","3.9","3700","2003","04","15","Tuesday"
"SAV","2003-04-09","3.92","3.92","3.92","3.92","2100","2003","04","15","Wednesday"
"SAV","2003-04-10","3.95","3.95","3.95","3.95","6600","2003","04","15","Thursday"
"SAV","2003-04-11","3.97","3.97","3.97","3.97","8500","2003","04","15","Friday"
"SAV","2003-04-14","3.95","3.95","3.95","3.95","2400","2003","04","16","Monday"
"SAV","2003-04-15","3.95","3.95","3.95","3.95","13900","2003","04","16","Tuesday"
"SAV","2003-04-16","3.95","3.95","3.95","3.95","9900","2003","04","16","Wednesday"
"SAV","2003-04-17","4.02","4.02","4.02","4.02","27400","2003","04","16","Thursday"
"SAV","2003-04-18","4.02","4.02","4.02","4.02","21100","2003","04","16","Friday"
"SAV","2003-04-21","4.02","4.02","4.02","4.02","5200","2003","04","17","Monday"
"SAV","2003-04-22","4","4","4","4","34600","2003","04","17","Tuesday"
"SAV","2003-04-23","4","4","4","4","36400","2003","04","17","Wednesday"
"SAV","2003-04-24","4","4","4","4","26300","2003","04","17","Thursday"
"SAV","2003-04-25","3.95","3.95","3.95","3.95","41900","2003","04","17","Friday"
"SAV","2003-04-28","3.95","3.95","3.95","3.95","42800","2003","04","18","Monday"
"SAV","2003-04-29","3.92","3.92","3.92","3.92","23500","2003","04","18","Tuesday"
"SAV","2003-05-05","3.92","3.92","3.92","3.92","14000","2003","05","19","Monday"
"SAV","2003-05-06","3.95","3.95","3.95","3.95","6700","2003","05","19","Tuesday"
"SAV","2003-05-07","4","4","4","4","28100","2003","05","19","Wednesday"
"SAV","2003-05-08","4","4","4","4","22000","2003","05","19","Thursday"
"SAV","2003-05-09","4.04","4.04","4.04","4.04","12100","2003","05","19","Friday"
"SAV","2003-05-12","4.04","4.04","4.04","4.04","11300","2003","05","20","Monday"
"SAV","2003-05-13","4.04","4.04","4.04","4.04","1900","2003","05","20","Tuesday"
"SAV","2003-05-14","3.97","3.97","3.97","3.97","8900","2003","05","20","Wednesday"
"SAV","2003-05-15","3.95","3.95","3.95","3.95","10300","2003","05","20","Thursday"
"SAV","2003-05-16","3.95","3.95","3.95","3.95","10400","2003","05","20","Friday"
"SAV","2003-05-19","3.95","3.95","3.95","3.95","1000","2003","05","21","Monday"
"SAV","2003-05-20","3.95","3.95","3.95","3.95","1290","2003","05","21","Tuesday"
"SAV","2003-05-21","3.97","4","3.97","4","300","2003","05","21","Wednesday"
"SAV","2003-05-22","3.95","3.95","3.95","3.95","13830","2003","05","21","Thursday"
"SAV","2003-05-23","3.92","3.95","3.92","3.95","16310","2003","05","21","Friday"
"SAV","2003-05-26","3.95","3.95","3.95","3.95","5200","2003","05","22","Monday"
"SAV","2003-05-27","3.95","3.97","3.95","3.97","5950","2003","05","22","Tuesday"
"SAV","2003-05-28","3.97","3.97","3.97","3.97","5210","2003","05","22","Wednesday"
"SAV","2003-05-29","3.97","4","3.97","4","2210","2003","05","22","Thursday"
"SAV","2003-05-30","4.02","4.02","3.97","3.97","3550","2003","05","22","Friday"
"SAV","2003-06-02","3.97","3.97","3.97","3.97","1630","2003","06","23","Monday"
"SAV","2003-06-03","3.97","3.97","3.95","3.95","14650","2003","06","23","Tuesday"
"SAV","2003-06-04","3.95","3.95","3.95","3.95","10","2003","06","23","Wednesday"
"SAV","2003-06-05","3.95","3.95","3.95","3.95","10030","2003","06","23","Thursday"
"SAV","2003-06-06","3.95","3.95","3.95","3.95","9360","2003","06","23","Friday"
"SAV","2003-06-09","4","4","3.97","3.97","1010","2003","06","24","Monday"
"SAV","2003-06-10","3.97","3.97","3.97","3.97","11190","2003","06","24","Tuesday"
"SAV","2003-06-11","3.97","4","3.97","4","22170","2003","06","24","Wednesday"
"SAV","2003-06-12","4","4.02","4","4.02","22610","2003","06","24","Thursday"
"SAV","2003-06-13","4.02","4.02","4.02","4.02","23510","2003","06","24","Friday"
"SAV","2003-06-16","4.04","4.04","4.04","4.04","30670","2003","06","25","Monday"
"SAV","2003-06-17","4.02","4.04","4.02","4.04","21200","2003","06","25","Tuesday"
"SAV","2003-06-18","4.02","4.04","4.02","4.04","26400","2003","06","25","Wednesday"
"SAV","2003-06-19","4.07","4.07","3.97","3.97","9910","2003","06","25","Thursday"
"SAV","2003-06-20","4.07","4.07","4.04","4.04","21940","2003","06","25","Friday"
"SAV","2003-06-23","4.02","4.02","4.02","4.02","3070","2003","06","26","Monday"
"SAV","2003-06-24","4.02","4.02","4.02","4.02","2900","2003","06","26","Tuesday"
"SAV","2003-06-25","4.02","4.02","4.02","4.02","4450","2003","06","26","Wednesday"
"SAV","2003-06-26","4.04","4.04","4.04","4.04","9280","2003","06","26","Thursday"
"SAV","2003-06-27","4.04","4.04","4.04","4.04","1220","2003","06","26","Friday"
"SAV","2003-06-30","4.04","4.04","4.02","4.02","1600","2003","06","27","Monday"
"SAV","2003-07-01","4.02","4.04","4.02","4.04","3450","2003","07","27","Tuesday"
"SAV","2003-07-02","4.04","4.04","4.02","4.02","4300","2003","07","27","Wednesday"
"SAV","2003-07-03","4.02","4.02","4.02","4.02","3200","2003","07","27","Thursday"
"SAV","2003-07-04","4.02","4.04","4.02","4.04","6000","2003","07","27","Friday"
"SAV","2003-07-07","4.07","4.09","4.07","4.09","16400","2003","07","28","Monday"
"SAV","2003-07-08","4.09","4.09","4.07","4.07","3560","2003","07","28","Tuesday"
"SAV","2003-07-09","4.14","4.14","4.07","4.07","2740","2003","07","28","Wednesday"
"SAV","2003-07-10","4.07","4.07","4.07","4.07","10","2003","07","28","Thursday"
"SAV","2003-07-11","4.07","4.07","4.04","4.04","6100","2003","07","28","Friday"
"SAV","2003-07-14","4.04","4.07","4.04","4.07","10","2003","07","29","Monday"
"SAV","2003-07-15","4.04","4.04","4.02","4.02","9310","2003","07","29","Tuesday"
"SAV","2003-07-16","4.02","4.02","4.02","4.02","1030","2003","07","29","Wednesday"
"SAV","2003-07-17","4.02","4.02","4.02","4.02","1000","2003","07","29","Thursday"
"SAV","2003-07-18","4.04","4.04","4.02","4.02","1880","2003","07","29","Friday"
"SAV","2003-07-21","4.02","4.02","4.02","4.02","1500","2003","07","30","Monday"
"SAV","2003-07-22","4.02","4.02","4.02","4.02","2900","2003","07","30","Tuesday"
"SAV","2003-07-23","4","4","4","4","6900","2003","07","30","Wednesday"
"SAV","2003-07-24","4","4.02","4","4.02","3030","2003","07","30","Thursday"
"SAV","2003-07-25","4.02","4.02","4.02","4.02","2100","2003","07","30","Friday"
"SAV","2003-07-28","4.02","4.02","4.02","4.02","3530","2003","07","31","Monday"
"SAV","2003-07-29","4.02","4.02","3.87","3.87","7060","2003","07","31","Tuesday"
"SAV","2003-07-30","3.87","3.87","3.85","3.85","1870","2003","07","31","Wednesday"
"SAV","2003-07-31","3.85","3.85","3.82","3.82","1040","2003","07","31","Thursday"
"SAV","2003-08-01","3.8","3.8","3.8","3.8","2600","2003","08","31","Friday"
"SAV","2003-08-04","3.8","3.8","3.8","3.8","200","2003","08","32","Monday"
"SAV","2003-08-05","3.8","3.8","3.77","3.77","4350","2003","08","32","Tuesday"
"SAV","2003-08-06","3.77","3.8","3.77","3.8","2710","2003","08","32","Wednesday"
"SAV","2003-08-07","3.75","3.77","3.75","3.77","700","2003","08","32","Thursday"
"SAV","2003-08-08","3.77","3.77","3.77","3.77","2360","2003","08","32","Friday"
"SAV","2003-08-11","3.75","3.75","3.75","3.75","6100","2003","08","33","Monday"
"SAV","2003-08-12","3.72","3.75","3.72","3.75","4870","2003","08","33","Tuesday"
"SAV","2003-08-13","3.75","3.77","3.75","3.77","3000","2003","08","33","Wednesday"
"SAV","2003-08-14","3.77","3.77","3.75","3.75","2960","2003","08","33","Thursday"
"SAV","2003-08-15","3.75","3.75","3.75","3.75","1400","2003","08","33","Friday"
"SAV","2003-08-18","3.75","3.75","3.75","3.75","6250","2003","08","34","Monday"
"SAV","2003-08-19","3.77","3.77","3.77","3.77","2780","2003","08","34","Tuesday"
"SAV","2003-08-20","3.77","3.77","3.77","3.77","14000","2003","08","34","Wednesday"
"SAV","2003-08-21","3.8","3.8","3.77","3.77","18410","2003","08","34","Thursday"
"SAV","2003-08-22","3.77","3.77","3.77","3.77","2200","2003","08","34","Friday"
"SAV","2003-08-25","3.75","3.77","3.75","3.77","2710","2003","08","35","Monday"
"SAV","2003-08-26","3.75","3.75","3.75","3.75","6500","2003","08","35","Tuesday"
"SAV","2003-08-27","3.77","3.77","3.77","3.77","6900","2003","08","35","Wednesday"
"SAV","2003-08-28","3.77","3.77","3.77","3.77","4000","2003","08","35","Thursday"
"SAV","2003-08-29","3.77","3.77","3.77","3.77","4200","2003","08","35","Friday"
"SAV","2003-09-03","3.77","3.77","3.77","3.77","6750","2003","09","36","Wednesday"
"SAV","2003-09-04","3.77","3.77","3.77","3.77","4100","2003","09","36","Thursday"
"SAV","2003-09-05","3.77","3.77","3.77","3.77","2000","2003","09","36","Friday"
"SAV","2003-09-08","3.77","3.77","3.77","3.77","5280","2003","09","37","Monday"
"SAV","2003-09-09","3.77","3.77","3.77","3.77","6500","2003","09","37","Tuesday"
"SAV","2003-09-10","3.77","3.77","3.77","3.77","5600","2003","09","37","Wednesday"
"SAV","2003-09-11","3.77","3.77","3.77","3.77","2000","2003","09","37","Thursday"
"SAV","2003-09-12","3.75","3.77","3.75","3.77","40","2003","09","37","Friday"
"SAV","2003-09-15","3.75","3.77","3.75","3.77","120","2003","09","38","Monday"
"SAV","2003-09-16","3.75","3.75","3.75","3.75","3940","2003","09","38","Tuesday"
"SAV","2003-09-17","3.75","3.75","3.75","3.75","2500","2003","09","38","Wednesday"
"SAV","2003-09-18","3.75","3.75","3.72","3.72","380","2003","09","38","Thursday"
"SAV","2003-09-19","3.72","3.72","3.72","3.72","500","2003","09","38","Friday"
"SAV","2003-09-22","3.72","3.72","3.72","3.72","7260","2003","09","39","Monday"
"SAV","2003-09-23","3.72","3.77","3.72","3.77","1200","2003","09","39","Tuesday"
"SAV","2003-09-24","3.77","3.77","3.77","3.77","50","2003","09","39","Wednesday"
"SAV","2003-09-25","3.77","3.77","3.77","3.77","1050","2003","09","39","Thursday"
"SAV","2003-09-26","3.77","3.77","3.75","3.75","110","2003","09","39","Friday"
"SAV","2003-09-29","3.72","3.75","3.72","3.75","2030","2003","09","40","Monday"
"SAV","2003-10-01","3.75","3.75","3.72","3.72","5000","2003","10","40","Wednesday"
"SAV","2003-10-02","3.72","3.72","3.72","3.72","7590","2003","10","40","Thursday"
"SAV","2003-10-03","3.72","3.72","3.72","3.72","500","2003","10","40","Friday"
"SAV","2003-10-06","3.7","3.7","3.7","3.7","6760","2003","10","41","Monday"
"SAV","2003-10-07","3.7","3.7","3.7","3.7","1800","2003","10","41","Tuesday"
"SAV","2003-10-08","3.67","3.67","3.67","3.67","1850","2003","10","41","Wednesday"
"SAV","2003-10-09","3.7","3.7","3.65","3.65","2810","2003","10","41","Thursday"
"SAV","2003-10-10","3.7","3.7","3.65","3.65","6250","2003","10","41","Friday"
"SAV","2003-10-13","3.65","3.65","3.65","3.65","2860","2003","10","42","Monday"
"SAV","2003-10-14","3.65","3.65","3.65","3.65","3250","2003","10","42","Tuesday"
"SAV","2003-10-15","3.65","3.65","3.65","3.65","2660","2003","10","42","Wednesday"
"SAV","2003-10-16","3.65","3.65","3.63","3.63","1200","2003","10","42","Thursday"
"SAV","2003-10-17","3.65","3.65","3.63","3.63","1110","2003","10","42","Friday"
"SAV","2003-10-20","3.63","3.63","3.63","3.63","1500","2003","10","43","Monday"
"SAV","2003-10-21","3.63","3.63","3.6","3.6","3910","2003","10","43","Tuesday"
"SAV","2003-10-22","3.58","3.58","3.58","3.58","22290","2003","10","43","Wednesday"
"SAV","2003-10-23","3.55","3.55","3.55","3.55","6020","2003","10","43","Thursday"
"SAV","2003-10-24","3.53","3.53","3.5","3.5","8130","2003","10","43","Friday"
"SAV","2003-10-27","3.53","3.53","3.48","3.48","13100","2003","10","44","Monday"
"SAV","2003-10-28","3.48","3.48","3.45","3.45","19990","2003","10","44","Tuesday"
"SAV","2003-10-29","3.48","3.53","3.48","3.53","1440","2003","10","44","Wednesday"
"SAV","2003-10-30","3.58","3.58","3.58","3.58","4750","2003","10","44","Thursday"
"SAV","2003-10-31","3.6","3.6","3.6","3.6","2610","2003","10","44","Friday"
"SAV","2003-11-03","3.63","3.63","3.58","3.58","6860","2003","11","45","Monday"
"SAV","2003-11-04","3.58","3.58","3.55","3.55","3000","2003","11","45","Tuesday"
"SAV","2003-11-05","3.55","3.58","3.55","3.58","2710","2003","11","45","Wednesday"
"SAV","2003-11-06","3.58","3.58","3.58","3.58","5770","2003","11","45","Thursday"
"SAV","2003-11-07","3.58","3.6","3.58","3.6","8090","2003","11","45","Friday"
"SAV","2003-11-10","3.6","3.65","3.6","3.65","5250","2003","11","46","Monday"
"SAV","2003-11-11","3.65","3.67","3.65","3.67","10160","2003","11","46","Tuesday"
"SAV","2003-11-12","3.67","3.75","3.67","3.75","12580","2003","11","46","Wednesday"
"SAV","2003-11-13","3.85","3.92","3.85","3.92","28590","2003","11","46","Thursday"
"SAV","2003-11-14","4.09","4.09","4.09","4.09","30510","2003","11","46","Friday"
"SAV","2003-11-17","4.29","4.29","3.9","3.9","23330","2003","11","47","Monday"
"SAV","2003-11-18","3.75","3.77","3.75","3.77","14730","2003","11","47","Tuesday"
"SAV","2003-11-19","3.77","3.95","3.77","3.95","8000","2003","11","47","Wednesday"
"SAV","2003-11-20","4","4","4","4","10930","2003","11","47","Thursday"
"SAV","2003-11-21","4.04","4.04","4.04","4.04","12010","2003","11","47","Friday"
"SAV","2003-11-24","4.09","4.09","4.09","4.09","43620","2003","11","48","Monday"
"SAV","2003-11-25","4.14","4.14","4.07","4.07","44760","2003","11","48","Tuesday"
"SAV","2003-11-26","4","4","3.95","3.95","49170","2003","11","48","Wednesday"
"SAV","2003-11-27","4","4.02","4","4.02","5510","2003","11","48","Thursday"
"SAV","2003-11-28","4.07","4.07","4.02","4.02","14460","2003","11","48","Friday"
"SAV","2003-12-01","4.04","4.09","4.04","4.09","37940","2003","12","49","Monday"
"SAV","2003-12-02","4.12","4.12","4.12","4.12","39060","2003","12","49","Tuesday"
"SAV","2003-12-03","4.09","4.12","4.09","4.12","25130","2003","12","49","Wednesday"
"SAV","2003-12-04","4.14","4.14","4.14","4.14","30650","2003","12","49","Thursday"
"SAV","2003-12-05","4.12","4.12","4.12","4.12","26000","2003","12","49","Friday"
"SAV","2003-12-08","4.09","4.09","4.07","4.07","6380","2003","12","50","Monday"
"SAV","2003-12-09","4.07","4.07","4.07","4.07","11900","2003","12","50","Tuesday"
"SAV","2003-12-10","4.07","4.07","4.07","4.07","7280","2003","12","50","Wednesday"
"SAV","2003-12-11","4.12","4.12","4.07","4.07","6690","2003","12","50","Thursday"
"SAV","2003-12-12","4.09","4.09","4.09","4.09","5100","2003","12","50","Friday"
"SAV","2003-12-15","4.17","4.22","4.17","4.22","8410","2003","12","51","Monday"
"SAV","2003-12-16","4.32","4.32","4.32","4.32","17150","2003","12","51","Tuesday"
"SAV","2003-12-17","4.34","4.42","4.34","4.42","30090","2003","12","51","Wednesday"
"SAV","2003-12-18","4.44","4.44","4.42","4.42","24720","2003","12","51","Thursday"
"SAV","2003-12-19","4.42","4.42","4.34","4.34","14500","2003","12","51","Friday"
"SAV","2003-12-22","4.34","4.34","4.34","4.34","28760","2003","12","52","Monday"
"SAV","2003-12-23","4.09","4.09","4.09","4.09","27410","2003","12","52","Tuesday"
"SAV","2003-12-24","4.07","4.09","4.07","4.09","6030","2003","12","52","Wednesday"
"SAV","2003-12-25","4.09","4.09","4.07","4.07","1300","2003","12","52","Thursday"
"SAV","2003-12-26","4.07","4.07","4.07","4.07","6400","2003","12","52","Friday"
"SAV","2003-12-29","4.09","4.09","4.07","4.07","2420","2003","12","1","Monday"
"SAV","2003-12-30","4.07","4.07","4.07","4.07","12400","2003","12","1","Tuesday"
"SAV","2003-12-31","4.07","4.09","4.07","4.09","2850","2003","12","1","Wednesday"
"SAV","2004-01-05","4.09","4.19","4.09","4.19","14950","2004","01","2","Monday"
"SAV","2004-01-06","4.27","4.27","4.27","4.27","14460","2004","01","2","Tuesday"
"SAV","2004-01-07","4.27","4.27","4.24","4.24","7170","2004","01","2","Wednesday"
"SAV","2004-01-08","4.24","4.24","4.24","4.24","32130","2004","01","2","Thursday"
"SAV","2004-01-09","4.27","4.27","4.27","4.27","17390","2004","01","2","Friday"
"SAV","2004-01-12","4.27","4.32","4.27","4.32","13370","2004","01","3","Monday"
"SAV","2004-01-13","4.24","4.44","4.24","4.44","4470","2004","01","3","Tuesday"
"SAV","2004-01-14","4.61","4.61","4.56","4.56","11050","2004","01","3","Wednesday"
"SAV","2004-01-15","4.54","4.56","4.54","4.56","37800","2004","01","3","Thursday"
"SAV","2004-01-16","4.69","4.79","4.69","4.79","30550","2004","01","3","Friday"
"SAV","2004-01-27","5.01","5.01","5.01","5.01","160","2004","01","5","Tuesday"
"SAV","2004-01-28","5.25","5.25","5.25","5.25","2500","2004","01","5","Wednesday"
"SAV","2004-01-29","5.5","5.5","5.5","5.5","6150","2004","01","5","Thursday"
"SAV","2004-01-30","5.67","5.67","5.5","5.5","154200","2004","01","5","Friday"
"SAV","2004-02-02","5.77","5.77","5.5","5.5","68860","2004","02","6","Monday"
"SAV","2004-02-03","5.5","5.5","5.43","5.43","54470","2004","02","6","Tuesday"
"SAV","2004-02-04","5.43","5.7","5.43","5.7","22920","2004","02","6","Wednesday"
"SAV","2004-02-05","5.97","5.97","5.97","5.97","60000","2004","02","6","Thursday"
"SAV","2004-02-06","5.97","5.97","5.8","5.8","39470","2004","02","6","Friday"
"SAV","2004-02-09","5.8","5.84","5.8","5.84","24050","2004","02","7","Monday"
"SAV","2004-02-10","6.04","6.04","5.99","5.99","29350","2004","02","7","Tuesday"
"SAV","2004-02-11","5.99","6.04","5.99","6.04","33910","2004","02","7","Wednesday"
"SAV","2004-02-12","6.17","6.29","6.17","6.29","29680","2004","02","7","Thursday"
"SAV","2004-02-13","6.54","6.58","6.54","6.58","36280","2004","02","7","Friday"
"SAV","2004-02-16","6.88","6.88","6.83","6.83","49330","2004","02","8","Monday"
"SAV","2004-02-17","6.83","6.83","6.78","6.78","36210","2004","02","8","Tuesday"
"SAV","2004-02-18","6.83","7.03","6.83","7.03","54480","2004","02","8","Wednesday"
"SAV","2004-02-19","7.37","7.37","7.37","7.37","56200","2004","02","8","Thursday"
"SAV","2004-02-20","7.72","7.72","7.72","7.72","57970","2004","02","8","Friday"
"SAV","2004-02-23","8.09","8.09","8.09","8.09","5080","2004","02","9","Monday"
"SAV","2004-02-24","8.48","8.48","8.48","8.48","39090","2004","02","9","Tuesday"
"SAV","2004-02-25","8.88","8.88","8.48","8.48","98090","2004","02","9","Wednesday"
"SAV","2004-02-26","8.38","8.38","8.38","8.38","107620","2004","02","9","Thursday"
"SAV","2004-02-27","8.34","8.8","8.34","8.8","84020","2004","02","9","Friday"
"SAV","2004-03-01","9.2","9.22","9.2","9.22","99770","2004","03","10","Monday"
"SAV","2004-03-02","9.62","9.62","9.22","9.22","125820","2004","03","10","Tuesday"
"SAV","2004-03-03","9.32","9.32","9.27","9.27","79640","2004","03","10","Wednesday"
"SAV","2004-03-04","9.27","9.27","9.13","9.13","44000","2004","03","10","Thursday"
"SAV","2004-03-05","9.13","9.18","9.13","9.18","39620","2004","03","10","Friday"
"SAV","2004-03-08","9.18","9.18","9.13","9.13","37330","2004","03","11","Monday"
"SAV","2004-03-09","8.88","8.88","8.71","8.71","82530","2004","03","11","Tuesday"
"SAV","2004-03-10","8.29","8.38","8.29","8.38","176760","2004","03","11","Wednesday"
"SAV","2004-03-11","8.63","8.8","8.63","8.8","118290","2004","03","11","Thursday"
"SAV","2004-03-12","8.88","8.88","8.88","8.88","36850","2004","03","11","Friday"
"SAV","2004-03-15","8.85","8.85","8.85","8.85","28300","2004","03","12","Monday"
"SAV","2004-03-16","8.51","8.63","8.51","8.63","102580","2004","03","12","Tuesday"
"SAV","2004-03-17","8.58","8.58","8.48","8.48","49980","2004","03","12","Wednesday"
"SAV","2004-03-18","8.44","8.46","8.44","8.46","46920","2004","03","12","Thursday"
"SAV","2004-03-19","8.44","8.44","8.44","8.44","35100","2004","03","12","Friday"
"SAV","2004-03-22","8.38","8.38","8.26","8.26","35490","2004","03","13","Monday"
"SAV","2004-03-23","8.02","8.02","7.92","7.92","110080","2004","03","13","Tuesday"
"SAV","2004-03-24","7.92","7.97","7.92","7.97","72190","2004","03","13","Wednesday"
"SAV","2004-03-25","8.26","8.34","8.26","8.34","58210","2004","03","13","Thursday"
"SAV","2004-03-26","8.63","8.73","8.63","8.73","57840","2004","03","13","Friday"
"SAV","2004-03-29","9.08","9.08","9","9","53880","2004","03","14","Monday"
"SAV","2004-03-30","8.95","8.95","8.76","8.76","88350","2004","03","14","Tuesday"
"SAV","2004-03-31","8.76","8.76","8.66","8.66","67420","2004","03","14","Wednesday"
"SAV","2004-04-01","8.68","8.68","8.51","8.51","18060","2004","04","14","Thursday"
"SAV","2004-04-02","8.38","8.38","8.38","8.38","23020","2004","04","14","Friday"
"SAV","2004-04-05","8.26","8.26","8.26","8.26","17490","2004","04","15","Monday"
"SAV","2004-04-06","8.26","8.38","8.26","8.38","22810","2004","04","15","Tuesday"
"SAV","2004-04-07","8.44","8.44","8.38","8.38","12090","2004","04","15","Wednesday"
"SAV","2004-04-08","8.38","8.38","8.26","8.26","6940","2004","04","15","Thursday"
"SAV","2004-04-09","8.21","8.21","8.16","8.16","22760","2004","04","15","Friday"
"SAV","2004-04-12","8.02","8.02","8.02","8.02","8000","2004","04","16","Monday"
"SAV","2004-04-13","7.84","7.84","7.84","7.84","12980","2004","04","16","Tuesday"
"SAV","2004-04-14","7.89","7.89","7.89","7.89","4700","2004","04","16","Wednesday"
"SAV","2004-04-15","8.26","8.29","8.26","8.29","13600","2004","04","16","Thursday"
"SAV","2004-04-16","8.44","8.44","8.26","8.26","8630","2004","04","16","Friday"
"SAV","2004-04-19","8.02","8.02","8.02","8.02","8250","2004","04","17","Monday"
"SAV","2004-04-20","7.89","8.02","7.89","8.02","9750","2004","04","17","Tuesday"
"SAV","2004-04-21","8.14","8.14","8.06","8.06","5830","2004","04","17","Wednesday"
"SAV","2004-04-22","8.06","8.06","8.06","8.06","11120","2004","04","17","Thursday"
"SAV","2004-04-23","8.14","8.14","8.14","8.14","990","2004","04","17","Friday"
"SAV","2004-04-26","8.14","8.14","8.14","8.14","3000","2004","04","18","Monday"
"SAV","2004-04-27","8.19","8.19","8.14","8.14","2480","2004","04","18","Tuesday"
"SAV","2004-04-28","8.26","8.26","8.16","8.16","7880","2004","04","18","Wednesday"
"SAV","2004-04-29","8.36","8.36","8.36","8.36","4750","2004","04","18","Thursday"
"SAV","2004-05-04","8.26","8.38","8.26","8.38","9310","2004","05","19","Tuesday"
"SAV","2004-05-05","8.38","8.38","8.31","8.31","5800","2004","05","19","Wednesday"
"SAV","2004-05-06","8.31","8.31","8.24","8.24","7000","2004","05","19","Thursday"
"SAV","2004-05-07","8.24","8.24","8.21","8.21","5210","2004","05","19","Friday"
"SAV","2004-05-10","8.21","8.21","8.14","8.14","10170","2004","05","20","Monday"
"SAV","2004-05-11","8.11","8.11","8.06","8.06","10080","2004","05","20","Tuesday"
"SAV","2004-05-12","8.21","8.21","8.21","8.21","8550","2004","05","20","Wednesday"
"SAV","2004-05-13","8.29","8.29","8.29","8.29","6200","2004","05","20","Thursday"
"SAV","2004-05-14","8.24","8.24","8.21","8.21","13000","2004","05","20","Friday"
"SAV","2004-05-17","8.21","8.21","8.14","8.14","3520","2004","05","21","Monday"
"SAV","2004-05-18","8.14","8.14","8.11","8.11","8020","2004","05","21","Tuesday"
"SAV","2004-05-19","8.11","8.21","8.11","8.21","5680","2004","05","21","Wednesday"
"SAV","2004-05-20","8.26","8.26","8.19","8.19","9950","2004","05","21","Thursday"
"SAV","2004-05-21","8.19","8.21","8.19","8.21","8130","2004","05","21","Friday"
"SAV","2004-05-24","8.21","8.24","8.21","8.24","9000","2004","05","22","Monday"
"SAV","2004-05-25","8.24","8.24","8.16","8.16","1800","2004","05","22","Tuesday"
"SAV","2004-05-26","8.19","8.19","8.16","8.16","6370","2004","05","22","Wednesday"
"SAV","2004-05-27","8.16","8.16","8.14","8.14","5140","2004","05","22","Thursday"
"SAV","2004-05-28","8.11","8.14","8.11","8.14","5690","2004","05","22","Friday"
"SAV","2004-05-31","8.16","8.16","8.06","8.06","3350","2004","05","23","Monday"
"SAV","2004-06-01","8.26","8.26","8.26","8.26","30840","2004","06","23","Tuesday"
"SAV","2004-06-02","8.26","8.26","8.14","8.14","10710","2004","06","23","Wednesday"
"SAV","2004-06-03","8.16","8.16","8.11","8.11","8680","2004","06","23","Thursday"
"SAV","2004-06-04","8.14","8.14","8.11","8.11","14060","2004","06","23","Friday"
"SAV","2004-06-07","8.11","8.11","8.02","8.02","800","2004","06","24","Monday"
"SAV","2004-06-08","7.94","7.94","7.94","7.94","13630","2004","06","24","Tuesday"
"SAV","2004-06-09","7.94","8.11","7.94","8.11","7100","2004","06","24","Wednesday"
"SAV","2004-06-10","8.14","8.14","8.14","8.14","7000","2004","06","24","Thursday"
"SAV","2004-06-11","8.14","8.14","8.14","8.14","3200","2004","06","24","Friday"
"SAV","2004-06-14","8.29","8.53","8.29","8.53","33960","2004","06","25","Monday"
"SAV","2004-06-15","8.38","8.38","8.34","8.34","7930","2004","06","25","Tuesday"
"SAV","2004-06-16","8.38","8.38","8.29","8.29","3600","2004","06","25","Wednesday"
"SAV","2004-06-17","8.21","8.21","8.21","8.21","500","2004","06","25","Thursday"
"SAV","2004-06-18","8.21","8.21","8.21","8.21","100","2004","06","25","Friday"
"SAV","2004-06-21","8.14","8.19","8.14","8.19","950","2004","06","26","Monday"
"SAV","2004-06-22","8.14","8.14","8.14","8.14","15240","2004","06","26","Tuesday"
"SAV","2004-06-23","8.16","8.16","8.14","8.14","1270","2004","06","26","Wednesday"
"SAV","2004-06-24","8.09","8.14","8.09","8.14","1990","2004","06","26","Thursday"
"SAV","2004-06-25","8.14","8.14","8.14","8.14","970","2004","06","26","Friday"
"SAV","2004-06-28","8.14","8.14","8.14","8.14","100","2004","06","27","Monday"
"SAV","2004-06-29","8.14","8.14","8.09","8.09","800","2004","06","27","Tuesday"
"SAV","2004-06-30","8.14","8.14","8.11","8.11","550","2004","06","27","Wednesday"
"SAV","2004-07-01","8.11","8.11","8.09","8.09","700","2004","07","27","Thursday"
"SAV","2004-07-02","8.09","8.09","8.06","8.06","2020","2004","07","27","Friday"
"SAV","2004-07-05","8.04","8.06","8.04","8.06","2620","2004","07","28","Monday"
"SAV","2004-07-06","8.06","8.06","7.94","7.94","14410","2004","07","28","Tuesday"
"SAV","2004-07-07","7.94","7.94","7.89","7.89","20760","2004","07","28","Wednesday"
"SAV","2004-07-08","7.89","7.89","7.89","7.89","4050","2004","07","28","Thursday"
"SAV","2004-07-09","7.89","7.89","7.89","7.89","2500","2004","07","28","Friday"
"SAV","2004-07-12","8.04","8.04","7.99","7.99","12670","2004","07","29","Monday"
"SAV","2004-07-13","7.94","7.94","7.89","7.89","16470","2004","07","29","Tuesday"
"SAV","2004-07-14","7.94","7.94","7.84","7.84","6060","2004","07","29","Wednesday"
"SAV","2004-07-15","7.89","7.89","7.84","7.84","2770","2004","07","29","Thursday"
"SAV","2004-07-16","7.84","7.87","7.84","7.87","1130","2004","07","29","Friday"
"SAV","2004-07-19","7.87","7.87","7.87","7.87","2530","2004","07","30","Monday"
"SAV","2004-07-20","8.04","8.04","7.89","7.89","2560","2004","07","30","Tuesday"
"SAV","2004-07-21","7.89","7.94","7.89","7.94","1000","2004","07","30","Wednesday"
"SAV","2004-07-22","7.97","7.97","7.7","7.7","520","2004","07","30","Thursday"
"SAV","2004-07-23","7.89","7.89","7.89","7.89","1050","2004","07","30","Friday"
"SAV","2004-07-26","7.84","7.84","7.82","7.82","1180","2004","07","31","Monday"
"SAV","2004-07-27","7.82","7.82","7.77","7.77","6600","2004","07","31","Tuesday"
"SAV","2004-07-28","7.77","7.77","7.64","7.64","16000","2004","07","31","Wednesday"
"SAV","2004-07-29","7.5","7.5","7.42","7.42","25400","2004","07","31","Thursday"
"SAV","2004-07-30","7.42","7.42","7.42","7.42","23650","2004","07","31","Friday"
"SAV","2004-08-02","7.42","7.42","7.4","7.4","9470","2004","08","32","Monday"
"SAV","2004-08-03","7.28","7.28","7.18","7.18","6440","2004","08","32","Tuesday"
"SAV","2004-08-04","7.13","7.13","7.03","7.03","14780","2004","08","32","Wednesday"
"SAV","2004-08-05","6.91","6.91","6.88","6.88","24990","2004","08","32","Thursday"
"SAV","2004-08-06","6.86","6.86","6.73","6.73","27260","2004","08","32","Friday"
"SAV","2004-08-09","6.66","6.66","6.41","6.41","16660","2004","08","33","Monday"
"SAV","2004-08-10","6.14","6.73","6.14","6.73","12740","2004","08","33","Tuesday"
"SAV","2004-08-11","6.91","6.91","6.78","6.78","12750","2004","08","33","Wednesday"
"SAV","2004-08-12","6.91","6.91","6.78","6.78","10150","2004","08","33","Thursday"
"SAV","2004-08-13","6.66","6.66","6.66","6.66","2050","2004","08","33","Friday"
"SAV","2004-08-16","6.58","6.58","6.56","6.56","4660","2004","08","34","Monday"
"SAV","2004-08-17","6.56","6.66","6.56","6.66","9900","2004","08","34","Tuesday"
"SAV","2004-08-18","6.66","6.71","6.66","6.71","4500","2004","08","34","Wednesday"
"SAV","2004-08-19","6.73","6.91","6.73","6.91","2920","2004","08","34","Thursday"
"SAV","2004-08-20","6.96","7.13","6.96","7.13","11200","2004","08","34","Friday"
"SAV","2004-08-23","7.13","7.47","7.13","7.47","13130","2004","08","35","Monday"
"SAV","2004-08-24","7.47","7.47","7.28","7.28","20620","2004","08","35","Tuesday"
"SAV","2004-08-25","7.28","7.28","7.28","7.28","4730","2004","08","35","Wednesday"
"SAV","2004-08-26","7.28","7.33","7.28","7.33","3100","2004","08","35","Thursday"
"SAV","2004-08-27","7.52","7.52","7.33","7.33","6770","2004","08","35","Friday"
"SAV","2004-08-30","7.33","7.33","7.28","7.28","30","2004","08","36","Monday"
"SAV","2004-08-31","7.28","7.28","7.28","7.28","9140","2004","08","36","Tuesday"
"SAV","2004-09-01","7.23","7.25","7.23","7.25","5310","2004","09","36","Wednesday"
"SAV","2004-09-06","7.25","7.25","7.23","7.23","1220","2004","09","37","Monday"
"SAV","2004-09-07","7.23","7.23","7.2","7.2","4610","2004","09","37","Tuesday"
"SAV","2004-09-08","7.15","7.15","7.13","7.13","1060","2004","09","37","Wednesday"
"SAV","2004-09-09","7.08","7.08","7.05","7.05","4050","2004","09","37","Thursday"
"SAV","2004-09-10","7.15","7.15","7.15","7.15","2390","2004","09","37","Friday"
"SAV","2004-09-13","7.25","7.25","7.18","7.18","7040","2004","09","38","Monday"
"SAV","2004-09-14","7.18","7.2","7.18","7.2","8030","2004","09","38","Tuesday"
"SAV","2004-09-15","7.28","7.28","7.28","7.28","3630","2004","09","38","Wednesday"
"SAV","2004-09-16","7.28","7.28","7.28","7.28","1100","2004","09","38","Thursday"
"SAV","2004-09-17","7.05","7.25","7.05","7.25","160","2004","09","38","Friday"
"SAV","2004-09-20","7.23","7.23","7.23","7.23","700","2004","09","39","Monday"
"SAV","2004-09-21","7.23","7.23","7.23","7.23","2020","2004","09","39","Tuesday"
"SAV","2004-09-22","7.23","7.23","7.23","7.23","7260","2004","09","39","Wednesday"
"SAV","2004-09-23","7.23","7.23","7.23","7.23","90","2004","09","39","Thursday"
"SAV","2004-09-24","7.23","7.23","7.23","7.23","3100","2004","09","39","Friday"
"SAV","2004-09-27","7.25","7.25","7.25","7.25","1140","2004","09","40","Monday"
"SAV","2004-09-28","7.33","7.33","7.25","7.25","1780","2004","09","40","Tuesday"
"SAV","2004-09-29","7.25","7.28","7.25","7.28","6670","2004","09","40","Wednesday"
"SAV","2004-09-30","7.52","7.52","7.45","7.45","2340","2004","09","40","Thursday"
"SAV","2004-10-01","7.5","7.5","7.47","7.47","570","2004","10","40","Friday"
"SAV","2004-10-04","7.47","7.47","7.3","7.3","940","2004","10","41","Monday"
"SAV","2004-10-05","7.3","7.35","7.3","7.35","3470","2004","10","41","Tuesday"
"SAV","2004-10-06","7.35","7.4","7.35","7.4","3720","2004","10","41","Wednesday"
"SAV","2004-10-07","7.4","7.4","7.37","7.37","3740","2004","10","41","Thursday"
"SAV","2004-10-08","7.37","7.37","7.37","7.37","4400","2004","10","41","Friday"
"SAV","2004-10-11","7.33","7.33","7.33","7.33","2650","2004","10","42","Monday"
"SAV","2004-10-12","7.28","7.33","7.28","7.33","830","2004","10","42","Tuesday"
"SAV","2004-10-13","7.33","7.33","7.33","7.33","1200","2004","10","42","Wednesday"
"SAV","2004-10-14","7.33","7.33","7.33","7.33","310","2004","10","42","Thursday"
"SAV","2004-10-15","7.33","7.35","7.33","7.35","1350","2004","10","42","Friday"
"SAV","2004-10-18","7.35","7.4","7.35","7.4","6580","2004","10","43","Monday"
"SAV","2004-10-19","7.4","7.64","7.4","7.64","960","2004","10","43","Tuesday"
"SAV","2004-10-20","7.72","7.72","7.72","7.72","4490","2004","10","43","Wednesday"
"SAV","2004-10-21","7.72","7.72","7.64","7.64","470","2004","10","43","Thursday"
"SAV","2004-10-22","7.57","7.57","7.57","7.57","510","2004","10","43","Friday"
"SAV","2004-10-25","7.57","7.57","7.52","7.52","2230","2004","10","44","Monday"
"SAV","2004-10-26","7.57","7.57","7.45","7.45","8850","2004","10","44","Tuesday"
"SAV","2004-10-27","7.45","7.45","7.45","7.45","4370","2004","10","44","Wednesday"
"SAV","2004-10-28","7.7","7.7","7.64","7.64","2020","2004","10","44","Thursday"
"SAV","2004-10-29","7.64","7.64","7.52","7.52","8520","2004","10","44","Friday"
"SAV","2004-11-01","7.5","7.55","7.5","7.55","3650","2004","11","45","Monday"
"SAV","2004-11-02","7.6","7.6","7.55","7.55","4480","2004","11","45","Tuesday"
"SAV","2004-11-03","7.55","7.55","7.52","7.52","2040","2004","11","45","Wednesday"
"SAV","2004-11-04","7.52","7.52","7.47","7.47","1270","2004","11","45","Thursday"
"SAV","2004-11-05","7.47","7.47","7.42","7.42","1050","2004","11","45","Friday"
"SAV","2004-11-08","7.47","7.47","7.47","7.47","1730","2004","11","46","Monday"
"SAV","2004-11-09","7.47","7.47","7.35","7.35","2720","2004","11","46","Tuesday"
"SAV","2004-11-10","7.35","7.4","7.35","7.4","2270","2004","11","46","Wednesday"
"SAV","2004-11-11","7.37","7.37","7.37","7.37","2660","2004","11","46","Thursday"
"SAV","2004-11-12","7.37","7.37","7.37","7.37","4500","2004","11","46","Friday"
"SAV","2004-11-15","7.37","7.4","7.37","7.4","700","2004","11","47","Monday"
"SAV","2004-11-16","7.4","7.4","7.37","7.37","2580","2004","11","47","Tuesday"
"SAV","2004-11-17","7.37","7.37","7.37","7.37","2460","2004","11","47","Wednesday"
"SAV","2004-11-18","7.37","7.37","7.35","7.35","2240","2004","11","47","Thursday"
"SAV","2004-11-19","7.35","7.35","7.35","7.35","4900","2004","11","47","Friday"
"SAV","2004-11-22","7.35","7.35","7.33","7.33","3070","2004","11","48","Monday"
"SAV","2004-11-23","7.35","7.35","7.35","7.35","3810","2004","11","48","Tuesday"
"SAV","2004-11-24","7.35","7.35","7.35","7.35","8300","2004","11","48","Wednesday"
"SAV","2004-11-25","7.33","7.33","7.33","7.33","4940","2004","11","48","Thursday"
"SAV","2004-11-26","7.33","7.33","7.33","7.33","1900","2004","11","48","Friday"
"SAV","2004-11-29","7.35","7.67","7.35","7.67","50","2004","11","49","Monday"
"SAV","2004-11-30","7.67","7.67","7.64","7.64","5850","2004","11","49","Tuesday"
"SAV","2004-12-01","7.6","7.6","7.5","7.5","8710","2004","12","49","Wednesday"
"SAV","2004-12-02","7.45","7.45","7.4","7.4","4770","2004","12","49","Thursday"
"SAV","2004-12-03","7.4","7.47","7.4","7.47","2000","2004","12","49","Friday"
"SAV","2004-12-06","7.4","7.4","7.4","7.4","6610","2004","12","50","Monday"
"SAV","2004-12-07","7.4","7.42","7.4","7.42","1630","2004","12","50","Tuesday"
"SAV","2004-12-08","7.4","7.4","7.4","7.4","2530","2004","12","50","Wednesday"
"SAV","2004-12-09","7.4","7.4","7.4","7.4","650","2004","12","50","Thursday"
"SAV","2004-12-10","7.4","7.4","7.4","7.4","2480","2004","12","50","Friday"
"SAV","2004-12-13","7.42","7.42","7.42","7.42","6250","2004","12","51","Monday"
"SAV","2004-12-14","7.42","7.42","7.37","7.37","1670","2004","12","51","Tuesday"
"SAV","2004-12-15","7.4","7.62","7.4","7.62","2460","2004","12","51","Wednesday"
"SAV","2004-12-16","7.5","7.55","7.5","7.55","10090","2004","12","51","Thursday"
"SAV","2004-12-17","7.5","7.62","7.5","7.62","2940","2004","12","51","Friday"
"SAV","2004-12-20","7.62","7.62","7.57","7.57","1760","2004","12","52","Monday"
"SAV","2004-12-21","7.52","7.52","7.52","7.52","3000","2004","12","52","Tuesday"
"SAV","2004-12-22","7.52","7.52","7.52","7.52","1830","2004","12","52","Wednesday"
"SAV","2004-12-23","7.6","7.6","7.6","7.6","10930","2004","12","52","Thursday"
"SAV","2004-12-24","7.64","7.64","7.64","7.64","4000","2004","12","52","Friday"
"SAV","2004-12-27","7.7","7.7","7.67","7.67","3260","2004","12","53","Monday"
"SAV","2004-12-28","7.67","7.67","7.67","7.67","4760","2004","12","53","Tuesday"
"SAV","2004-12-29","7.67","7.67","7.52","7.52","1120","2004","12","53","Wednesday"
"SAV","2004-12-30","7.52","7.52","7.4","7.4","1530","2004","12","53","Thursday"
"SAV","2004-12-31","7.4","7.77","7.4","7.77","7020","2004","12","53","Friday"
"SAV","2005-01-04","7.52","7.52","7.52","7.52","2380","2005","01","1","Tuesday"
"SAV","2005-01-05","7.52","7.52","7.52","7.52","2300","2005","01","1","Wednesday"
"SAV","2005-01-06","7.52","7.52","7.4","7.4","3180","2005","01","1","Thursday"
"SAV","2005-01-07","7.4","7.4","7.4","7.4","100","2005","01","1","Friday"
"SAV","2005-01-10","7.4","7.42","7.4","7.42","360","2005","01","2","Monday"
"SAV","2005-01-11","7.42","7.42","7.4","7.4","840","2005","01","2","Tuesday"
"SAV","2005-01-12","7.4","7.4","7.4","7.4","600","2005","01","2","Wednesday"
"SAV","2005-01-13","7.37","7.4","7.37","7.4","1650","2005","01","2","Thursday"
"SAV","2005-01-14","7.4","7.4","7.4","7.4","2560","2005","01","2","Friday"
"SAV","2005-01-17","7.4","7.4","7.35","7.35","3550","2005","01","3","Monday"
"SAV","2005-01-18","7.33","7.33","7.33","7.33","8880","2005","01","3","Tuesday"
"SAV","2005-01-19","7.33","7.33","7.33","7.33","4240","2005","01","3","Wednesday"
"SAV","2005-01-20","7.33","7.33","7.33","7.33","690","2005","01","3","Thursday"
"SAV","2005-01-21","7.33","7.33","7.33","7.33","100","2005","01","3","Friday"
"SAV","2005-01-24","7.33","7.33","7.28","7.28","2130","2005","01","4","Monday"
"SAV","2005-01-25","7.28","7.28","7.28","7.28","3950","2005","01","4","Tuesday"
"SAV","2005-01-26","7.35","7.35","7.28","7.28","1810","2005","01","4","Wednesday"
"SAV","2005-01-27","7.28","7.28","7.25","7.25","14920","2005","01","4","Thursday"
"SAV","2005-01-28","7.28","7.28","7.28","7.28","2700","2005","01","4","Friday"
"SAV","2005-01-31","7.28","7.28","7.23","7.23","1830","2005","01","5","Monday"
"SAV","2005-02-01","7.2","7.23","7.2","7.23","4770","2005","02","5","Tuesday"
"SAV","2005-02-02","7.23","7.23","7.23","7.23","1100","2005","02","5","Wednesday"
"SAV","2005-02-03","7.23","7.25","7.23","7.25","500","2005","02","5","Thursday"
"SAV","2005-02-04","7.25","7.25","7.25","7.25","1960","2005","02","5","Friday"
"SAV","2005-02-14","7.4","7.4","7.23","7.23","1300","2005","02","7","Monday"
"SAV","2005-02-15","7.23","7.25","7.23","7.25","200","2005","02","7","Tuesday"
"SAV","2005-02-16","7.25","7.25","7.23","7.23","1950","2005","02","7","Wednesday"
"SAV","2005-02-17","7.23","7.25","7.23","7.25","2400","2005","02","7","Thursday"
"SAV","2005-02-18","7.25","7.25","7.25","7.25","500","2005","02","7","Friday"
"SAV","2005-02-21","7.25","7.25","7.23","7.23","510","2005","02","8","Monday"
"SAV","2005-02-22","7.23","7.23","7.23","7.23","1750","2005","02","8","Tuesday"
"SAV","2005-02-23","7.23","7.23","7.23","7.23","4380","2005","02","8","Wednesday"
"SAV","2005-02-24","7.33","7.33","7.23","7.23","260","2005","02","8","Thursday"
"SAV","2005-02-25","7.23","7.23","7.23","7.23","8310","2005","02","8","Friday"
"SAV","2005-02-28","7.25","7.25","7.25","7.25","1310","2005","02","9","Monday"
"SAV","2005-03-01","7.23","7.25","7.23","7.25","4450","2005","03","9","Tuesday"
"SAV","2005-03-02","7.25","7.28","7.25","7.28","300","2005","03","9","Wednesday"
"SAV","2005-03-03","7.28","7.28","7.28","7.28","1690","2005","03","9","Thursday"
"SAV","2005-03-04","7.28","7.3","7.28","7.3","6700","2005","03","9","Friday"
"SAV","2005-03-07","7.33","7.33","7.33","7.33","1650","2005","03","10","Monday"
"SAV","2005-03-08","7.3","7.3","7.3","7.3","2300","2005","03","10","Tuesday"
"SAV","2005-03-09","7.35","7.35","7.3","7.3","2050","2005","03","10","Wednesday"
"SAV","2005-03-10","7.3","7.3","7.3","7.3","2990","2005","03","10","Thursday"
"SAV","2005-03-11","7.3","7.3","7.3","7.3","2080","2005","03","10","Friday"
"SAV","2005-03-14","7.3","7.3","7.28","7.28","510","2005","03","11","Monday"
"SAV","2005-03-15","7.28","7.28","7.28","7.28","1300","2005","03","11","Tuesday"
"SAV","2005-03-16","7.3","7.3","7.28","7.28","1190","2005","03","11","Wednesday"
"SAV","2005-03-17","7.28","7.3","7.28","7.3","5100","2005","03","11","Thursday"
"SAV","2005-03-18","7.3","7.3","7.3","7.3","3180","2005","03","11","Friday"
"SAV","2005-03-21","7.3","7.3","7.3","7.3","8710","2005","03","12","Monday"
"SAV","2005-03-22","7.3","7.3","7.3","7.3","7530","2005","03","12","Tuesday"
"SAV","2005-03-23","7.3","7.4","7.3","7.4","14140","2005","03","12","Wednesday"
"SAV","2005-03-24","7.67","7.67","7.64","7.64","14690","2005","03","12","Thursday"
"SAV","2005-03-25","7.64","7.64","7.52","7.52","11080","2005","03","12","Friday"
"SAV","2005-03-28","7.52","7.52","7.4","7.4","6250","2005","03","13","Monday"
"SAV","2005-03-29","7.4","7.4","7.4","7.4","13590","2005","03","13","Tuesday"
"SAV","2005-03-30","7.5","7.5","7.45","7.45","1170","2005","03","13","Wednesday"
"SAV","2005-03-31","7.4","7.45","7.4","7.45","1400","2005","03","13","Thursday"
"SAV","2005-04-01","7.5","7.5","7.45","7.45","7500","2005","04","13","Friday"
"SAV","2005-04-04","7.45","7.45","7.45","7.45","1070","2005","04","14","Monday"
"SAV","2005-04-05","7.45","7.45","7.45","7.45","4600","2005","04","14","Tuesday"
"SAV","2005-04-06","7.47","7.47","7.45","7.45","1400","2005","04","14","Wednesday"
"SAV","2005-04-07","7.45","7.45","7.45","7.45","4820","2005","04","14","Thursday"
"SAV","2005-04-08","7.64","7.64","7.6","7.6","5160","2005","04","14","Friday"
"SAV","2005-04-11","7.6","7.6","7.52","7.52","1300","2005","04","15","Monday"
"SAV","2005-04-13","7.52","7.52","7.47","7.47","3500","2005","04","15","Wednesday"
"SAV","2005-04-14","7.47","7.52","7.47","7.52","5720","2005","04","15","Thursday"
"SAV","2005-04-15","7.52","7.52","7.52","7.52","400","2005","04","15","Friday"
"SAV","2005-04-18","7.52","7.52","7.47","7.47","700","2005","04","16","Monday"
"SAV","2005-04-19","7.45","7.45","7.4","7.4","8750","2005","04","16","Tuesday"
"SAV","2005-04-20","7.4","7.4","7.4","7.4","7560","2005","04","16","Wednesday"
"SAV","2005-04-21","7.4","7.4","7.4","7.4","2870","2005","04","16","Thursday"
"SAV","2005-04-22","7.47","7.47","7.4","7.4","8410","2005","04","16","Friday"
"SAV","2005-04-25","7.45","7.47","7.45","7.47","3610","2005","04","17","Monday"
"SAV","2005-04-26","7.5","7.5","7.45","7.45","11220","2005","04","17","Tuesday"
"SAV","2005-04-27","7.47","7.47","7.45","7.45","7020","2005","04","17","Wednesday"
"SAV","2005-04-28","7.42","7.42","7.4","7.4","9040","2005","04","17","Thursday"
"SAV","2005-04-29","7.4","7.4","7.4","7.4","17300","2005","04","17","Friday"
"SAV","2005-05-04","7.4","7.4","7.4","7.4","40","2005","05","18","Wednesday"
"SAV","2005-05-05","7.35","7.37","7.35","7.37","2100","2005","05","18","Thursday"
"SAV","2005-05-06","7.37","7.37","7.37","7.37","400","2005","05","18","Friday"
"SAV","2005-05-09","7.37","7.37","7.37","7.37","130","2005","05","19","Monday"
"SAV","2005-05-10","7.37","7.37","7.33","7.33","2590","2005","05","19","Tuesday"
"SAV","2005-05-11","7.28","7.28","7.25","7.25","3600","2005","05","19","Wednesday"
"SAV","2005-05-12","7.25","7.25","7.23","7.23","1440","2005","05","19","Thursday"
"SAV","2005-05-13","7.28","7.28","7.25","7.25","2160","2005","05","19","Friday"
"SAV","2005-05-16","7.28","7.28","7.28","7.28","1920","2005","05","20","Monday"
"SAV","2005-05-17","7.28","7.28","7.28","7.28","5650","2005","05","20","Tuesday"
"SAV","2005-05-18","7.28","7.28","7.28","7.28","5100","2005","05","20","Wednesday"
"SAV","2005-05-19","7.25","7.28","7.25","7.28","8540","2005","05","20","Thursday"
"SAV","2005-05-20","7.28","7.28","7.25","7.25","1140","2005","05","20","Friday"
"SAV","2005-05-23","7.25","7.25","7.25","7.25","4970","2005","05","21","Monday"
"SAV","2005-05-24","7.25","7.25","7.25","7.25","3000","2005","05","21","Tuesday"
"SAV","2005-05-25","7.25","7.25","7.25","7.25","2700","2005","05","21","Wednesday"
"SAV","2005-05-26","7.25","7.25","7.25","7.25","1000","2005","05","21","Thursday"
"SAV","2005-05-27","7.25","7.25","7.25","7.25","1300","2005","05","21","Friday"
"SAV","2005-05-30","7.2","7.2","7.2","7.2","3620","2005","05","22","Monday"
"SAV","2005-05-31","7.23","7.23","7.2","7.2","4810","2005","05","22","Tuesday"
"SAV","2005-06-01","7.2","7.2","7.2","7.2","1700","2005","06","22","Wednesday"
"SAV","2005-06-02","7.2","7.23","7.2","7.23","1440","2005","06","22","Thursday"
"SAV","2005-06-03","7.2","7.23","7.2","7.23","320","2005","06","22","Friday"
"SAV","2005-06-06","7.28","7.28","7.2","7.2","6300","2005","06","23","Monday"
"SAV","2005-06-07","7.25","7.25","7.2","7.2","13460","2005","06","23","Tuesday"
"SAV","2005-06-08","7.23","7.23","7.23","7.23","500","2005","06","23","Wednesday"
"SAV","2005-06-09","7.25","7.25","7.23","7.23","5860","2005","06","23","Thursday"
"SAV","2005-06-10","7.23","7.23","7.2","7.2","7150","2005","06","23","Friday"
"SAV","2005-06-13","7.2","7.23","7.2","7.23","8400","2005","06","24","Monday"
"SAV","2005-06-14","7.23","7.23","7.2","7.2","2100","2005","06","24","Tuesday"
"SAV","2005-06-15","7.2","7.2","7.2","7.2","1850","2005","06","24","Wednesday"
"SAV","2005-06-16","7.25","7.25","7.23","7.23","11080","2005","06","24","Thursday"
"SAV","2005-06-17","7.23","7.23","7.23","7.23","10690","2005","06","24","Friday"
"SAV","2005-06-20","7.23","7.25","7.23","7.25","2170","2005","06","25","Monday"
"SAV","2005-06-21","7.25","7.25","7.25","7.25","1100","2005","06","25","Tuesday"
"SAV","2005-06-22","7.3","7.3","7.28","7.28","11560","2005","06","25","Wednesday"
"SAV","2005-06-23","7.3","7.3","7.3","7.3","11110","2005","06","25","Thursday"
"SAV","2005-06-24","7.3","7.3","7.3","7.3","100","2005","06","25","Friday"
"SAV","2005-06-27","7.3","7.35","7.3","7.35","2500","2005","06","26","Monday"
"SAV","2005-06-28","7.35","7.35","7.33","7.33","400","2005","06","26","Tuesday"
"SAV","2005-06-29","7.33","7.33","7.3","7.3","1150","2005","06","26","Wednesday"
"SAV","2005-06-30","7.3","7.33","7.3","7.33","2590","2005","06","26","Thursday"
"SAV","2005-07-01","7.35","7.35","7.35","7.35","4330","2005","07","26","Friday"
"SAV","2005-07-04","7.35","7.37","7.35","7.37","1980","2005","07","27","Monday"
"SAV","2005-07-05","7.37","7.4","7.37","7.4","2200","2005","07","27","Tuesday"
"SAV","2005-07-06","7.4","7.4","7.4","7.4","600","2005","07","27","Wednesday"
"SAV","2005-07-07","7.4","7.4","7.4","7.4","2280","2005","07","27","Thursday"
"SAV","2005-07-08","7.4","7.4","7.4","7.4","1770","2005","07","27","Friday"
"SAV","2005-07-11","7.42","7.45","7.42","7.45","1500","2005","07","28","Monday"
"SAV","2005-07-12","7.5","7.5","7.47","7.47","500","2005","07","28","Tuesday"
"SAV","2005-07-13","7.4","7.4","7.4","7.4","740","2005","07","28","Wednesday"
"SAV","2005-07-14","7.4","7.4","7.4","7.4","2030","2005","07","28","Thursday"
"SAV","2005-07-15","7.4","7.4","7.4","7.4","2970","2005","07","28","Friday"
"SAV","2005-07-18","7.4","7.4","7.4","7.4","1800","2005","07","29","Monday"
"SAV","2005-07-19","7.35","7.4","7.35","7.4","3950","2005","07","29","Tuesday"
"SAV","2005-07-20","7.4","7.4","7.4","7.4","2000","2005","07","29","Wednesday"
"SAV","2005-07-21","7.4","7.4","7.4","7.4","500","2005","07","29","Thursday"
"SAV","2005-07-22","7.4","7.4","7.37","7.37","3350","2005","07","29","Friday"
"SAV","2005-07-25","7.37","7.37","7.35","7.35","4950","2005","07","30","Monday"
"SAV","2005-07-26","7.13","7.13","7.05","7.05","18030","2005","07","30","Tuesday"
"SAV","2005-07-27","7.1","7.1","7.1","7.1","14900","2005","07","30","Wednesday"
"SAV","2005-07-28","7.15","7.15","7.05","7.05","2730","2005","07","30","Thursday"
"SAV","2005-07-29","7.1","7.1","7.1","7.1","7530","2005","07","30","Friday"
"SAV","2005-08-01","7.08","7.08","7.05","7.05","25680","2005","08","31","Monday"
"SAV","2005-08-02","7","7.05","7","7.05","14100","2005","08","31","Tuesday"
"SAV","2005-08-03","7.05","7.08","7.05","7.08","3830","2005","08","31","Wednesday"
"SAV","2005-08-04","7.42","7.42","7.42","7.42","20080","2005","08","31","Thursday"
"SAV","2005-08-05","7.42","7.42","7.33","7.33","1100","2005","08","31","Friday"
"SAV","2005-08-08","7.33","7.33","7.3","7.3","1210","2005","08","32","Monday"
"SAV","2005-08-09","7.3","7.3","7.28","7.28","3960","2005","08","32","Tuesday"
"SAV","2005-08-10","7.28","7.28","7.25","7.25","2200","2005","08","32","Wednesday"
"SAV","2005-08-11","7.35","7.35","7.35","7.35","1000","2005","08","32","Thursday"
"SAV","2005-08-12","7.35","7.35","7.3","7.3","8410","2005","08","32","Friday"
"SAV","2005-08-15","7.25","7.25","7.25","7.25","460","2005","08","33","Monday"
"SAV","2005-08-16","7.25","7.25","7.23","7.23","2610","2005","08","33","Tuesday"
"SAV","2005-08-17","7.23","7.23","7.23","7.23","1000","2005","08","33","Wednesday"
"SAV","2005-08-18","7.18","7.23","7.18","7.23","5140","2005","08","33","Thursday"
"SAV","2005-08-19","7.23","7.23","7.23","7.23","13890","2005","08","33","Friday"
"SAV","2005-08-22","7.23","7.28","7.23","7.28","100","2005","08","34","Monday"
"SAV","2005-08-23","7.28","7.28","7.28","7.28","210","2005","08","34","Tuesday"
"SAV","2005-08-24","7.28","7.28","7.25","7.25","1200","2005","08","34","Wednesday"
"SAV","2005-08-25","7.35","7.35","7.25","7.25","10490","2005","08","34","Thursday"
"SAV","2005-08-29","7.35","7.45","7.35","7.45","15840","2005","08","35","Monday"
"SAV","2005-08-30","7.52","7.52","7.52","7.52","25220","2005","08","35","Tuesday"
"SAV","2005-08-31","7.64","7.64","7.52","7.52","7070","2005","08","35","Wednesday"
"SAV","2005-09-01","7.55","7.55","7.52","7.52","6900","2005","09","35","Thursday"
"SAV","2005-09-05","7.64","7.64","7.64","7.64","16790","2005","09","36","Monday"
"SAV","2005-09-06","7.84","7.84","7.77","7.77","15250","2005","09","36","Tuesday"
"SAV","2005-09-07","7.77","7.77","7.77","7.77","14800","2005","09","36","Wednesday"
"SAV","2005-09-08","7.84","7.87","7.84","7.87","26660","2005","09","36","Thursday"
"SAV","2005-09-09","7.87","7.87","7.87","7.87","26340","2005","09","36","Friday"
"SAV","2005-09-12","8.02","8.02","7.89","7.89","18200","2005","09","37","Monday"
"SAV","2005-09-13","8.02","8.04","8.02","8.04","42990","2005","09","37","Tuesday"
"SAV","2005-09-14","8.14","8.14","8.09","8.09","22410","2005","09","37","Wednesday"
"SAV","2005-09-15","8.19","8.29","8.19","8.29","72320","2005","09","37","Thursday"
"SAV","2005-09-16","8.26","8.31","8.26","8.31","32750","2005","09","37","Friday"
"SAV","2005-09-19","8.63","8.63","8.63","8.63","12780","2005","09","38","Monday"
"SAV","2005-09-20","8.88","8.95","8.88","8.95","59320","2005","09","38","Tuesday"
"SAV","2005-09-21","8.88","8.88","8.51","8.51","8930","2005","09","38","Wednesday"
"SAV","2005-09-22","8.51","8.51","8.51","8.51","23380","2005","09","38","Thursday"
"SAV","2005-09-23","8.51","8.51","8.14","8.14","113200","2005","09","38","Friday"
"SAV","2005-09-26","8.38","8.38","8.19","8.19","74100","2005","09","39","Monday"
"SAV","2005-09-27","8.14","8.14","8.09","8.09","23900","2005","09","39","Tuesday"
"SAV","2005-09-28","8.19","8.19","8.14","8.14","28850","2005","09","39","Wednesday"
"SAV","2005-09-29","8.19","8.19","8.19","8.19","26550","2005","09","39","Thursday"
"SAV","2005-09-30","8.58","8.58","8.58","8.58","26160","2005","09","39","Friday"
"SAV","2005-10-03","8.61","8.61","8.51","8.51","51880","2005","10","40","Monday"
"SAV","2005-10-04","8.41","8.48","8.41","8.48","11470","2005","10","40","Tuesday"
"SAV","2005-10-05","8.48","8.53","8.48","8.53","19110","2005","10","40","Wednesday"
"SAV","2005-10-06","8.61","8.61","8.58","8.58","13270","2005","10","40","Thursday"
"SAV","2005-10-07","8.58","8.58","8.58","8.58","21700","2005","10","40","Friday"
"SAV","2005-10-10","8.61","8.61","8.51","8.51","27190","2005","10","41","Monday"
"SAV","2005-10-11","8.48","8.48","8.46","8.46","20790","2005","10","41","Tuesday"
"SAV","2005-10-12","8.46","8.48","8.46","8.48","22040","2005","10","41","Wednesday"
"SAV","2005-10-13","8.63","8.68","8.63","8.68","23930","2005","10","41","Thursday"
"SAV","2005-10-14","8.83","8.93","8.83","8.93","41520","2005","10","41","Friday"
"SAV","2005-10-17","9","9.08","9","9.08","37240","2005","10","42","Monday"
"SAV","2005-10-18","9.08","9.08","8.85","8.85","33800","2005","10","42","Tuesday"
"SAV","2005-10-19","8.85","8.85","8.83","8.83","28810","2005","10","42","Wednesday"
"SAV","2005-10-20","8.83","8.83","8.8","8.8","47600","2005","10","42","Thursday"
"SAV","2005-10-21","8.8","8.8","8.76","8.76","29940","2005","10","42","Friday"
"SAV","2005-10-24","8.71","8.71","8.71","8.71","12060","2005","10","43","Monday"
"SAV","2005-10-25","8.71","8.71","8.63","8.63","17940","2005","10","43","Tuesday"
"SAV","2005-10-26","8.26","8.26","8.21","8.21","59690","2005","10","43","Wednesday"
"SAV","2005-10-27","8.14","8.21","8.14","8.21","22290","2005","10","43","Thursday"
"SAV","2005-10-28","8.38","8.38","8.38","8.38","18940","2005","10","43","Friday"
"SAV","2005-10-31","8.38","8.38","8.38","8.38","1820","2005","10","44","Monday"
"SAV","2005-11-01","8.36","8.36","8.29","8.29","8670","2005","11","44","Tuesday"
"SAV","2005-11-02","8.29","8.31","8.29","8.31","6460","2005","11","44","Wednesday"
"SAV","2005-11-03","8.31","8.34","8.31","8.34","19400","2005","11","44","Thursday"
"SAV","2005-11-04","8.44","8.44","8.34","8.34","22520","2005","11","44","Friday"
"SAV","2005-11-07","8.36","8.36","8.36","8.36","14580","2005","11","45","Monday"
"SAV","2005-11-08","8.34","8.34","8.34","8.34","15470","2005","11","45","Tuesday"
"SAV","2005-11-09","8.29","8.34","8.29","8.34","10000","2005","11","45","Wednesday"
"SAV","2005-11-10","8.31","8.31","8.29","8.29","14800","2005","11","45","Thursday"
"SAV","2005-11-11","8.21","8.21","8.16","8.16","3430","2005","11","45","Friday"
"SAV","2005-11-14","8.19","8.19","8.19","8.19","13400","2005","11","46","Monday"
"SAV","2005-11-15","8.19","8.19","8.16","8.16","11850","2005","11","46","Tuesday"
"SAV","2005-11-16","8.16","8.16","8.11","8.11","3150","2005","11","46","Wednesday"
"SAV","2005-11-17","8.09","8.09","8.02","8.02","14640","2005","11","46","Thursday"
"SAV","2005-11-18","7.99","7.99","7.94","7.94","14380","2005","11","46","Friday"
"SAV","2005-11-21","7.89","7.89","7.87","7.87","16910","2005","11","47","Monday"
"SAV","2005-11-22","7.87","7.87","7.74","7.74","12760","2005","11","47","Tuesday"
"SAV","2005-11-23","7.64","7.64","7.62","7.62","9100","2005","11","47","Wednesday"
"SAV","2005-11-24","7.4","7.4","7.4","7.4","7930","2005","11","47","Thursday"
"SAV","2005-11-25","7.77","7.77","7.77","7.77","4200","2005","11","47","Friday"
"SAV","2005-11-28","7.79","7.79","7.72","7.72","7610","2005","11","48","Monday"
"SAV","2005-11-29","7.62","7.64","7.62","7.64","13270","2005","11","48","Tuesday"
"SAV","2005-11-30","7.67","7.74","7.67","7.74","2780","2005","11","48","Wednesday"
"SAV","2005-12-01","7.77","7.77","7.7","7.7","4200","2005","12","48","Thursday"
"SAV","2005-12-02","7.79","7.79","7.77","7.77","3100","2005","12","48","Friday"
"SAV","2005-12-05","7.74","7.74","7.72","7.72","7990","2005","12","49","Monday"
"SAV","2005-12-06","7.72","7.72","7.72","7.72","16030","2005","12","49","Tuesday"
"SAV","2005-12-07","7.77","7.77","7.72","7.72","17040","2005","12","49","Wednesday"
"SAV","2005-12-08","7.67","7.74","7.67","7.74","7040","2005","12","49","Thursday"
"SAV","2005-12-09","7.72","7.77","7.72","7.77","12050","2005","12","49","Friday"
"SAV","2005-12-12","7.77","7.77","7.74","7.74","6050","2005","12","50","Monday"
"SAV","2005-12-13","7.74","7.74","7.67","7.67","650","2005","12","50","Tuesday"
"SAV","2005-12-14","7.67","7.67","7.64","7.64","3400","2005","12","50","Wednesday"
"SAV","2005-12-15","7.64","7.64","7.6","7.6","1510","2005","12","50","Thursday"
"SAV","2005-12-16","7.64","7.64","7.6","7.6","2900","2005","12","50","Friday"
"SAV","2005-12-19","7.84","7.84","7.6","7.6","9310","2005","12","51","Monday"
"SAV","2005-12-20","7.6","7.6","7.6","7.6","8250","2005","12","51","Tuesday"
"SAV","2005-12-21","7.6","7.62","7.6","7.62","3100","2005","12","51","Wednesday"
"SAV","2005-12-22","7.62","7.62","7.62","7.62","650","2005","12","51","Thursday"
"SAV","2005-12-23","7.57","7.57","7.25","7.25","9300","2005","12","51","Friday"
"SAV","2005-12-26","7.5","7.5","7.25","7.25","9320","2005","12","52","Monday"
"SAV","2005-12-27","7.25","7.4","7.25","7.4","13150","2005","12","52","Tuesday"
"SAV","2005-12-28","7.4","7.77","7.4","7.77","24250","2005","12","52","Wednesday"
"SAV","2005-12-29","7.55","8.02","7.55","8.02","44600","2005","12","52","Thursday"
"SAV","2005-12-30","7.89","7.89","7.64","7.64","57950","2005","12","52","Friday"
"SAV","2006-01-03","7.64","7.64","7.6","7.6","6970","2006","01","1","Tuesday"
"SAV","2006-01-04","7.64","7.64","7.6","7.6","830","2006","01","1","Wednesday"
"SAV","2006-01-05","7.6","7.6","7.6","7.6","6370","2006","01","1","Thursday"
"SAV","2006-01-06","7.6","7.67","7.6","7.67","2090","2006","01","1","Friday"
"SAV","2006-01-09","7.67","7.67","7.6","7.6","1030","2006","01","2","Monday"
"SAV","2006-01-10","7.6","7.6","7.6","7.6","3260","2006","01","2","Tuesday"
"SAV","2006-01-11","7.6","7.6","7.6","7.6","1220","2006","01","2","Wednesday"
"SAV","2006-01-12","7.4","7.4","7.35","7.35","4180","2006","01","2","Thursday"
"SAV","2006-01-13","7.35","7.35","7.35","7.35","300","2006","01","2","Friday"
"SAV","2006-01-17","7.35","7.37","7.35","7.37","6700","2006","01","3","Tuesday"
"SAV","2006-01-18","7.37","7.37","7.35","7.35","4500","2006","01","3","Wednesday"
"SAV","2006-01-19","7.35","7.35","7.35","7.35","3850","2006","01","3","Thursday"
"SAV","2006-01-20","7.3","7.37","7.3","7.37","1800","2006","01","3","Friday"
"SAV","2006-01-23","7.35","7.35","7.28","7.28","5500","2006","01","4","Monday"
"SAV","2006-01-24","7.28","7.33","7.28","7.33","2800","2006","01","4","Tuesday"
"SAV","2006-01-25","7.52","7.52","7.47","7.47","2510","2006","01","4","Wednesday"
"SAV","2006-01-26","7.77","7.82","7.77","7.82","25560","2006","01","4","Thursday"
"SAV","2006-01-27","7.89","7.89","7.89","7.89","22670","2006","01","4","Friday"
"SAV","2006-02-06","7.89","7.89","7.84","7.84","11300","2006","02","6","Monday"
"SAV","2006-02-07","7.84","7.84","7.84","7.84","24010","2006","02","6","Tuesday"
"SAV","2006-02-08","7.97","8.02","7.97","8.02","20500","2006","02","6","Wednesday"
"SAV","2006-02-09","8.09","8.09","8.09","8.09","50100","2006","02","6","Thursday"
"SAV","2006-02-10","8.09","8.09","7.99","7.99","7020","2006","02","6","Friday"
"SAV","2006-02-13","7.89","7.97","7.89","7.97","21560","2006","02","7","Monday"
"SAV","2006-02-14","7.97","8.11","7.97","8.11","50450","2006","02","7","Tuesday"
"SAV","2006-02-15","8.38","8.51","8.38","8.51","32240","2006","02","7","Wednesday"
"SAV","2006-02-16","8.51","8.51","8.46","8.46","25580","2006","02","7","Thursday"
"SAV","2006-02-17","8.51","8.51","8.38","8.38","30650","2006","02","7","Friday"
"SAV","2006-02-20","8.38","8.61","8.38","8.61","27420","2006","02","8","Monday"
"SAV","2006-02-21","8.63","8.63","8.63","8.63","51430","2006","02","8","Tuesday"
"SAV","2006-02-22","8.38","8.38","8.38","8.38","26830","2006","02","8","Wednesday"
"SAV","2006-02-23","8.38","8.38","8.38","8.38","21360","2006","02","8","Thursday"
"SAV","2006-02-24","8.63","8.63","8.41","8.41","36810","2006","02","8","Friday"
"SAV","2006-02-27","8.56","8.56","8.51","8.51","59650","2006","02","9","Monday"
"SAV","2006-02-28","8.76","8.78","8.76","8.78","76710","2006","02","9","Tuesday"
"SAV","2006-03-01","9.18","9.2","9.18","9.2","107630","2006","03","9","Wednesday"
"SAV","2006-03-02","9.64","9.64","9.64","9.64","33880","2006","03","9","Thursday"
"SAV","2006-03-03","10.11","10.11","9.18","9.18","117750","2006","03","9","Friday"
"SAV","2006-03-06","9.37","9.62","9.37","9.62","48960","2006","03","10","Monday"
"SAV","2006-03-07","9.62","9.62","9.54","9.54","51680","2006","03","10","Tuesday"
"SAV","2006-03-08","9.62","9.62","9.49","9.49","24300","2006","03","10","Wednesday"
"SAV","2006-03-09","9.62","9.62","9.49","9.49","22860","2006","03","10","Thursday"
"SAV","2006-03-10","9.45","9.45","9.37","9.37","35110","2006","03","10","Friday"
"SAV","2006-03-13","9.49","9.62","9.49","9.62","59730","2006","03","11","Monday"
"SAV","2006-03-14","9.99","9.99","9.91","9.91","59240","2006","03","11","Tuesday"
"SAV","2006-03-15","9.91","9.91","9.74","9.74","22830","2006","03","11","Wednesday"
"SAV","2006-03-16","9.74","9.87","9.74","9.87","26610","2006","03","11","Thursday"
"SAV","2006-03-17","10.06","10.06","10.06","10.06","56110","2006","03","11","Friday"
"SAV","2006-03-20","10.11","10.23","10.11","10.23","74220","2006","03","12","Monday"
"SAV","2006-03-21","10.73","10.73","10.73","10.73","54820","2006","03","12","Tuesday"
"SAV","2006-03-22","11.25","11.25","10.73","10.73","94170","2006","03","12","Wednesday"
"SAV","2006-03-23","10.61","10.61","10.36","10.36","31150","2006","03","12","Thursday"
"SAV","2006-03-24","10.36","10.36","10.23","10.23","42110","2006","03","12","Friday"
"SAV","2006-03-27","10.56","10.61","10.56","10.61","51350","2006","03","13","Monday"
"SAV","2006-03-28","10.85","10.85","10.85","10.85","53330","2006","03","13","Tuesday"
"SAV","2006-03-29","10.85","10.85","10.85","10.85","45500","2006","03","13","Wednesday"
"SAV","2006-03-30","10.85","10.93","10.85","10.93","60350","2006","03","13","Thursday"
"SAV","2006-03-31","11.22","11.47","11.22","11.47","56900","2006","03","13","Friday"
"SAV","2006-04-03","11.96","11.96","11.47","11.47","56960","2006","04","14","Monday"
"SAV","2006-04-04","11.3","11.3","10.9","10.9","57700","2006","04","14","Tuesday"
"SAV","2006-04-05","10.48","10.73","10.48","10.73","85520","2006","04","14","Wednesday"
"SAV","2006-04-06","10.73","10.85","10.73","10.85","77040","2006","04","14","Thursday"
"SAV","2006-04-07","10.97","11.1","10.97","11.1","51690","2006","04","14","Friday"
"SAV","2006-04-10","11.1","11.1","10.97","10.97","38640","2006","04","15","Monday"
"SAV","2006-04-11","10.61","10.61","10.61","10.61","57940","2006","04","15","Tuesday"
"SAV","2006-04-12","10.73","11.1","10.73","11.1","57890","2006","04","15","Wednesday"
"SAV","2006-04-13","11.64","11.64","11.64","11.64","70220","2006","04","15","Thursday"
"SAV","2006-04-14","12.21","12.21","12.21","12.21","106030","2006","04","15","Friday"
"SAV","2006-04-17","12.7","12.7","12.7","12.7","45270","2006","04","16","Monday"
"SAV","2006-04-18","13.32","13.32","13.32","13.32","94060","2006","04","16","Tuesday"
"SAV","2006-04-19","13.94","13.94","13.94","13.94","93030","2006","04","16","Wednesday"
"SAV","2006-04-20","14.55","14.55","14.55","14.55","237940","2006","04","16","Thursday"
"SAV","2006-04-21","15.17","15.17","14.8","14.8","103670","2006","04","16","Friday"
"SAV","2006-04-24","14.8","14.8","14.8","14.8","102240","2006","04","17","Monday"
"SAV","2006-04-25","15.54","15.54","15.54","15.54","96160","2006","04","17","Tuesday"
"SAV","2006-04-26","16.03","16.03","14.8","14.8","117980","2006","04","17","Wednesday"
"SAV","2006-04-27","14.55","14.55","14.06","14.06","80800","2006","04","17","Thursday"
"SAV","2006-04-28","13.44","13.44","13.44","13.44","110870","2006","04","17","Friday"
"SAV","2006-05-03","14.06","14.06","14.06","14.06","26990","2006","05","18","Wednesday"
"SAV","2006-05-04","14.67","14.67","14.67","14.67","65830","2006","05","18","Thursday"
"SAV","2006-05-05","14.8","14.8","14.06","14.06","99370","2006","05","18","Friday"
"SAV","2006-05-08","13.56","13.56","13.44","13.44","26500","2006","05","19","Monday"
"SAV","2006-05-09","12.82","12.82","12.82","12.82","38770","2006","05","19","Tuesday"
"SAV","2006-05-10","12.18","12.18","12.18","12.18","85790","2006","05","19","Wednesday"
"SAV","2006-05-11","12.7","12.7","12.7","12.7","33530","2006","05","19","Thursday"
"SAV","2006-05-12","13.32","13.32","13.32","13.32","20420","2006","05","19","Friday"
"SAV","2006-05-15","13.94","13.94","13.94","13.94","43430","2006","05","20","Monday"
"SAV","2006-05-16","13.94","13.94","13.32","13.32","75510","2006","05","20","Tuesday"
"SAV","2006-05-17","13.81","13.81","13.32","13.32","40560","2006","05","20","Wednesday"
"SAV","2006-05-18","12.33","12.58","12.33","12.58","24750","2006","05","20","Thursday"
"SAV","2006-05-19","12.33","12.33","12.33","12.33","24960","2006","05","20","Friday"
"SAV","2006-05-22","12.33","12.33","11.71","11.71","15160","2006","05","21","Monday"
"SAV","2006-05-23","11.22","11.22","11.15","11.15","51760","2006","05","21","Tuesday"
"SAV","2006-05-24","11.35","11.69","11.35","11.69","21970","2006","05","21","Wednesday"
"SAV","2006-05-25","12.26","12.26","11.22","11.22","48300","2006","05","21","Thursday"
"SAV","2006-05-26","11.22","11.35","11.22","11.35","14680","2006","05","21","Friday"
"SAV","2006-05-29","11.59","11.59","11.47","11.47","12500","2006","05","22","Monday"
"SAV","2006-05-30","11.35","11.35","11.1","11.1","18330","2006","05","22","Tuesday"
"SAV","2006-05-31","11.22","11.35","11.22","11.35","27540","2006","05","22","Wednesday"
"SAV","2006-06-01","11.35","11.35","11.3","11.3","13830","2006","06","22","Thursday"
"SAV","2006-06-02","11.35","11.47","11.35","11.47","19400","2006","06","22","Friday"
"SAV","2006-06-05","11.59","11.96","11.59","11.96","34160","2006","06","23","Monday"
"SAV","2006-06-06","11.96","11.96","11.59","11.59","19690","2006","06","23","Tuesday"
"SAV","2006-06-07","11.37","11.47","11.37","11.47","15420","2006","06","23","Wednesday"
"SAV","2006-06-08","11.39","11.47","11.39","11.47","7810","2006","06","23","Thursday"
"SAV","2006-06-09","11.47","11.47","11.47","11.47","11520","2006","06","23","Friday"
"SAV","2006-06-12","11.35","11.35","11.35","11.35","9800","2006","06","24","Monday"
"SAV","2006-06-13","11.35","11.35","11.35","11.35","9450","2006","06","24","Tuesday"
"SAV","2006-06-14","11.35","11.47","11.35","11.47","30210","2006","06","24","Wednesday"
"SAV","2006-06-15","11.59","11.59","11.47","11.57","5940","2006","06","24","Thursday"
"SAV","2006-06-16","11.47","11.47","11.17","11.42","16620","2006","06","24","Friday"
"SAV","2006-06-19","11.35","11.35","11.27","11.27","11500","2006","06","25","Monday"
"SAV","2006-06-20","11.27","11.27","11.05","11.05","26300","2006","06","25","Tuesday"
"SAV","2006-06-21","10.85","10.85","10.75","10.75","41300","2006","06","25","Wednesday"
"SAV","2006-06-22","10.97","11.27","10.97","11.27","18650","2006","06","25","Thursday"
"SAV","2006-06-23","11.1","11.1","11.1","11.1","35400","2006","06","25","Friday"
"SAV","2006-06-26","10.97","11.1","10.97","11.1","9800","2006","06","26","Monday"
"SAV","2006-06-27","11.1","11.1","10.88","10.88","4140","2006","06","26","Tuesday"
"SAV","2006-06-28","10.85","10.85","10.85","10.85","6970","2006","06","26","Wednesday"
"SAV","2006-06-29","10.73","10.85","10.73","10.8","5900","2006","06","26","Thursday"
"SAV","2006-06-30","10.9","10.9","10.8","10.8","12630","2006","06","26","Friday"
"SAV","2006-07-03","10.8","10.93","10.68","10.68","9410","2006","07","27","Monday"
"SAV","2006-07-04","10.61","10.61","10.58","10.58","7260","2006","07","27","Tuesday"
"SAV","2006-07-05","10.48","10.48","10.48","10.48","7600","2006","07","27","Wednesday"
"SAV","2006-07-06","10.38","10.73","10.38","10.73","8000","2006","07","27","Thursday"
"SAV","2006-07-07","10.65","10.73","10.61","10.61","29870","2006","07","27","Friday"
"SAV","2006-07-10","10.61","10.61","10.58","10.58","7300","2006","07","28","Monday"
"SAV","2006-07-11","10.61","10.61","10.51","10.51","4610","2006","07","28","Tuesday"
"SAV","2006-07-12","10.41","10.41","10.36","10.36","10820","2006","07","28","Wednesday"
"SAV","2006-07-13","10.36","10.36","10.23","10.23","5850","2006","07","28","Thursday"
"SAV","2006-07-14","9.99","9.99","9.99","9.99","26550","2006","07","28","Friday"
"SAV","2006-07-17","9.52","9.62","9.52","9.62","13050","2006","07","29","Monday"
"SAV","2006-07-18","9.49","9.49","9.4","9.4","11320","2006","07","29","Tuesday"
"SAV","2006-07-19","9.4","9.4","9.1","9.1","15990","2006","07","29","Wednesday"
"SAV","2006-07-20","8.78","9.54","8.78","9.54","20510","2006","07","29","Thursday"
"SAV","2006-07-21","9.13","9.13","9.13","9.13","13930","2006","07","29","Friday"
"SAV","2006-07-24","9","9","8.88","8.88","5900","2006","07","30","Monday"
"SAV","2006-07-25","8.63","8.63","8.44","8.51","21890","2006","07","30","Tuesday"
"SAV","2006-07-26","8.58","8.63","8.14","8.63","60290","2006","07","30","Wednesday"
"SAV","2006-07-27","8.88","8.98","8.88","8.98","18690","2006","07","30","Thursday"
"SAV","2006-07-28","9.42","9.42","9.37","9.37","43230","2006","07","30","Friday"
"SAV","2006-07-31","9.13","9.13","8.95","8.95","5690","2006","07","31","Monday"
"SAV","2006-08-01","8.88","8.88","8.53","8.53","15030","2006","08","31","Tuesday"
"SAV","2006-08-02","8.51","8.63","8.51","8.63","10900","2006","08","31","Wednesday"
"SAV","2006-08-03","8.88","9.05","8.88","9.05","11500","2006","08","31","Thursday"
"SAV","2006-08-04","9.49","9.49","9.42","9.42","25200","2006","08","31","Friday"
"SAV","2006-08-07","9.42","9.42","9.13","9.13","14770","2006","08","32","Monday"
"SAV","2006-08-08","9","9.32","9","9.32","6940","2006","08","32","Tuesday"
"SAV","2006-08-09","9.37","9.37","9.37","9.37","15400","2006","08","32","Wednesday"
"SAV","2006-08-10","9.18","9.37","9.18","9.37","7750","2006","08","32","Thursday"
"SAV","2006-08-11","9.37","9.49","9.37","9.49","10240","2006","08","32","Friday"
"SAV","2006-08-14","9.74","9.96","9.74","9.96","22640","2006","08","33","Monday"
"SAV","2006-08-15","9.96","10.11","9.87","10.11","25530","2006","08","33","Tuesday"
"SAV","2006-08-16","10.11","10.36","10.11","10.36","17670","2006","08","33","Wednesday"
"SAV","2006-08-17","10.48","10.48","10.36","10.36","17730","2006","08","33","Thursday"
"SAV","2006-08-18","10.36","10.36","10.31","10.31","2300","2006","08","33","Friday"
"SAV","2006-08-21","10.31","10.36","10.28","10.28","12770","2006","08","34","Monday"
"SAV","2006-08-22","9.87","9.87","9.79","9.79","12470","2006","08","34","Tuesday"
"SAV","2006-08-23","9.57","9.87","9.57","9.87","12620","2006","08","34","Wednesday"
"SAV","2006-08-24","9.99","9.99","9.87","9.87","6550","2006","08","34","Thursday"
"SAV","2006-08-25","9.87","9.87","9.62","9.74","14800","2006","08","34","Friday"
"SAV","2006-08-28","9.77","9.89","9.77","9.89","5330","2006","08","35","Monday"
"SAV","2006-08-29","9.89","10.28","9.89","10.28","5020","2006","08","35","Tuesday"
"SAV","2006-08-30","10.36","10.48","10.36","10.41","23950","2006","08","35","Wednesday"
"SAV","2006-08-31","10.41","10.41","10.36","10.36","18990","2006","08","35","Thursday"
"SAV","2006-09-01","10.48","10.48","10.48","10.48","53120","2006","09","35","Friday"
"SAV","2006-09-05","10.85","10.97","10.85","10.97","64330","2006","09","36","Tuesday"
"SAV","2006-09-06","11","11.05","10.93","10.93","30210","2006","09","36","Wednesday"
"SAV","2006-09-07","10.88","10.88","10.85","10.85","60030","2006","09","36","Thursday"
"SAV","2006-09-08","10.85","11.1","10.85","11.1","17720","2006","09","36","Friday"
"SAV","2006-09-11","11.35","11.35","11.17","11.17","10450","2006","09","37","Monday"
"SAV","2006-09-12","11.1","11.1","10.85","10.85","15300","2006","09","37","Tuesday"
"SAV","2006-09-13","10.73","10.9","10.73","10.9","32840","2006","09","37","Wednesday"
"SAV","2006-09-14","10.9","10.9","10.83","10.83","20320","2006","09","37","Thursday"
"SAV","2006-09-15","10.78","10.85","10.78","10.85","19780","2006","09","37","Friday"
"SAV","2006-09-18","10.85","10.85","10.85","10.85","4560","2006","09","38","Monday"
"SAV","2006-09-19","10.85","10.85","10.85","10.85","24910","2006","09","38","Tuesday"
"SAV","2006-09-20","11.1","11.1","10.97","10.97","14700","2006","09","38","Wednesday"
"SAV","2006-09-21","11.02","11.02","10.97","10.97","13530","2006","09","38","Thursday"
"SAV","2006-09-22","10.85","11.17","10.85","11.17","18410","2006","09","38","Friday"
"SAV","2006-09-25","11.22","11.25","11.22","11.25","33630","2006","09","39","Monday"
"SAV","2006-09-26","11.35","11.47","11.35","11.47","49850","2006","09","39","Tuesday"
"SAV","2006-09-27","11.47","11.52","11.47","11.52","27410","2006","09","39","Wednesday"
"SAV","2006-09-28","11.49","11.49","11.47","11.47","20850","2006","09","39","Thursday"
"SAV","2006-09-29","11.44","11.44","11.3","11.32","28380","2006","09","39","Friday"
"SAV","2006-10-02","11.42","11.42","11.37","11.42","19600","2006","10","40","Monday"
"SAV","2006-10-03","11.59","11.59","11.59","11.59","12100","2006","10","40","Tuesday"
"SAV","2006-10-04","11.59","11.59","11.59","11.59","34820","2006","10","40","Wednesday"
"SAV","2006-10-05","11.59","11.59","11.35","11.35","10150","2006","10","40","Thursday"
"SAV","2006-10-06","11.47","11.47","11.35","11.35","18090","2006","10","40","Friday"
"SAV","2006-10-09","11.35","11.42","11.35","11.42","12180","2006","10","41","Monday"
"SAV","2006-10-10","11.42","11.42","11.22","11.22","14750","2006","10","41","Tuesday"
"SAV","2006-10-11","11.22","11.39","11.22","11.25","3920","2006","10","41","Wednesday"
"SAV","2006-10-12","11.22","11.22","11.22","11.22","17170","2006","10","41","Thursday"
"SAV","2006-10-13","11.22","11.22","11.02","11.02","9900","2006","10","41","Friday"
"SAV","2006-10-16","11.02","11.02","10.88","10.88","24430","2006","10","42","Monday"
"SAV","2006-10-17","10.85","10.85","10.73","10.73","8960","2006","10","42","Tuesday"
"SAV","2006-10-18","10.61","10.73","10.61","10.73","10840","2006","10","42","Wednesday"
"SAV","2006-10-19","10.83","10.85","10.75","10.75","14630","2006","10","42","Thursday"
"SAV","2006-10-20","10.85","10.85","10.75","10.78","15820","2006","10","42","Friday"
"SAV","2006-10-23","10.78","10.78","10.78","10.78","6710","2006","10","43","Monday"
"SAV","2006-10-24","10.83","10.83","10.75","10.75","8810","2006","10","43","Tuesday"
"SAV","2006-10-25","10.83","10.83","10.73","10.73","4150","2006","10","43","Wednesday"
"SAV","2006-10-26","10.61","10.61","10.58","10.58","9960","2006","10","43","Thursday"
"SAV","2006-10-27","10.11","10.11","10.11","10.11","38980","2006","10","43","Friday"
"SAV","2006-10-30","9.84","9.84","9.62","9.62","21930","2006","10","44","Monday"
"SAV","2006-10-31","9.42","9.59","9.42","9.59","20030","2006","10","44","Tuesday"
"SAV","2006-11-01","9.69","9.87","9.69","9.87","22900","2006","11","44","Wednesday"
"SAV","2006-11-02","9.87","9.87","9.62","9.62","20510","2006","11","44","Thursday"
"SAV","2006-11-03","9.62","9.62","9.62","9.62","5180","2006","11","44","Friday"
"SAV","2006-11-06","9.62","9.74","9.62","9.74","2520","2006","11","45","Monday"
"SAV","2006-11-07","9.79","9.79","9.62","9.62","9010","2006","11","45","Tuesday"
"SAV","2006-11-08","9.62","9.69","9.62","9.62","15600","2006","11","45","Wednesday"
"SAV","2006-11-09","9.69","9.82","9.69","9.82","11540","2006","11","45","Thursday"
"SAV","2006-11-10","9.91","9.91","9.82","9.82","7350","2006","11","45","Friday"
"SAV","2006-11-13","9.82","9.87","9.82","9.87","21630","2006","11","46","Monday"
"SAV","2006-11-14","9.87","9.99","9.87","9.99","30200","2006","11","46","Tuesday"
"SAV","2006-11-15","10.23","10.23","9.99","9.99","10980","2006","11","46","Wednesday"
"SAV","2006-11-16","9.99","9.99","9.91","9.91","11060","2006","11","46","Thursday"
"SAV","2006-11-17","9.79","9.84","9.79","9.84","11270","2006","11","46","Friday"
"SAV","2006-11-20","10.11","10.11","9.84","9.84","17400","2006","11","47","Monday"
"SAV","2006-11-21","9.84","9.84","9.74","9.74","14780","2006","11","47","Tuesday"
"SAV","2006-11-22","9.87","10.16","9.87","10.16","40960","2006","11","47","Wednesday"
"SAV","2006-11-23","10.65","10.65","10.65","10.65","20660","2006","11","47","Thursday"
"SAV","2006-11-24","11.17","11.17","11.17","11.17","25260","2006","11","47","Friday"
"SAV","2006-11-27","11.71","11.71","10.8","10.8","72960","2006","11","48","Monday"
"SAV","2006-11-28","10.85","11.1","10.85","11.02","18980","2006","11","48","Tuesday"
"SAV","2006-11-29","10.88","10.88","10.48","10.48","14770","2006","11","48","Wednesday"
"SAV","2006-11-30","10.48","10.73","10.48","10.73","14960","2006","11","48","Thursday"
"SAV","2006-12-01","11.07","11.07","10.97","10.97","61500","2006","12","48","Friday"
"SAV","2006-12-04","10.97","10.97","10.61","10.85","21250","2006","12","49","Monday"
"SAV","2006-12-05","10.85","10.85","10.73","10.73","9010","2006","12","49","Tuesday"
"SAV","2006-12-06","10.73","10.73","10.36","10.36","7280","2006","12","49","Wednesday"
"SAV","2006-12-07","10.36","10.61","10.36","10.61","22920","2006","12","49","Thursday"
"SAV","2006-12-08","10.85","10.85","10.85","10.85","2050","2006","12","49","Friday"
"SAV","2006-12-11","11.1","11.1","10.61","10.61","34880","2006","12","50","Monday"
"SAV","2006-12-12","10.61","10.61","10.36","10.48","33920","2006","12","50","Tuesday"
"SAV","2006-12-13","10.48","10.48","10.36","10.48","39080","2006","12","50","Wednesday"
"SAV","2006-12-14","10.48","10.61","10.48","10.61","42690","2006","12","50","Thursday"
"SAV","2006-12-15","10.97","11.12","10.97","11.12","37040","2006","12","50","Friday"
"SAV","2006-12-18","11.67","11.67","11.67","11.67","74750","2006","12","51","Monday"
"SAV","2006-12-19","12.21","12.21","11.67","11.96","67070","2006","12","51","Tuesday"
"SAV","2006-12-20","11.59","11.84","11.59","11.84","49200","2006","12","51","Wednesday"
"SAV","2006-12-21","11.84","11.84","11.59","11.59","52700","2006","12","51","Thursday"
"SAV","2006-12-22","11.02","11.1","11.02","11.1","46700","2006","12","51","Friday"
"SAV","2006-12-25","10.97","11.35","10.97","11.35","16270","2006","12","52","Monday"
"SAV","2006-12-26","11.35","11.59","11.35","11.59","47850","2006","12","52","Tuesday"
"SAV","2006-12-27","11.71","11.96","11.71","11.96","73620","2006","12","52","Wednesday"
"SAV","2006-12-28","12.09","12.09","11.84","11.84","51000","2006","12","52","Thursday"
"SAV","2006-12-29","11.84","11.84","11.59","11.59","5600","2006","12","52","Friday"
"SAV","2007-01-02","11.1","11.35","11.1","11.35","3000","2007","01","1","Tuesday"
"SAV","2007-01-03","11.3","11.35","11.1","11.35","8130","2007","01","1","Wednesday"
"SAV","2007-01-04","11.35","11.47","11.35","11.35","6670","2007","01","1","Thursday"
"SAV","2007-01-05","11.47","11.47","11.39","11.39","8100","2007","01","1","Friday"
"SAV","2007-01-08","11.22","11.35","11.22","11.35","12070","2007","01","2","Monday"
"SAV","2007-01-09","11.35","11.35","11.35","11.35","11100","2007","01","2","Tuesday"
"SAV","2007-01-10","11.1","11.1","11.1","11.1","14690","2007","01","2","Wednesday"
"SAV","2007-01-11","10.85","11.1","10.85","11.1","25100","2007","01","2","Thursday"
"SAV","2007-01-12","11.59","11.64","11.59","11.64","27100","2007","01","2","Friday"
"SAV","2007-01-15","12.21","12.21","12.21","12.21","31180","2007","01","3","Monday"
"SAV","2007-01-16","12.7","12.7","12.7","12.7","162360","2007","01","3","Tuesday"
"SAV","2007-01-17","13.32","13.32","12.09","12.09","90810","2007","01","3","Wednesday"
"SAV","2007-01-18","11.84","12.58","11.84","12.58","26130","2007","01","3","Thursday"
"SAV","2007-01-19","13.2","13.2","13.2","13.2","81090","2007","01","3","Friday"
"SAV","2007-01-22","13.81","13.81","13.56","13.56","122270","2007","01","4","Monday"
"SAV","2007-01-23","13.56","14.06","13.56","13.81","116710","2007","01","4","Tuesday"
"SAV","2007-01-24","13.94","14.06","13.81","13.81","72660","2007","01","4","Wednesday"
"SAV","2007-01-25","14.18","14.18","13.81","13.81","77180","2007","01","4","Thursday"
"SAV","2007-01-26","13.81","13.81","13.32","13.32","16350","2007","01","4","Friday"
"SAV","2007-01-29","13.32","13.56","13.32","13.56","64770","2007","01","5","Monday"
"SAV","2007-01-30","14.18","14.18","14.18","14.18","35370","2007","01","5","Tuesday"
"SAV","2007-01-31","14.8","14.8","14.8","14.8","31980","2007","01","5","Wednesday"
"SAV","2007-02-01","14.8","15.04","14.8","15.04","29390","2007","02","5","Thursday"
"SAV","2007-02-02","15.78","15.78","15.78","15.78","43160","2007","02","5","Friday"
"SAV","2007-02-05","16.52","16.52","16.52","16.52","51530","2007","02","6","Monday"
"SAV","2007-02-06","17.26","17.26","17.26","17.26","51630","2007","02","6","Tuesday"
"SAV","2007-02-07","18.13","18.13","17.26","17.26","53010","2007","02","6","Wednesday"
"SAV","2007-02-08","16.4","16.4","16.4","16.4","24800","2007","02","6","Thursday"
"SAV","2007-02-09","15.66","15.66","15.66","15.66","3300","2007","02","6","Friday"
"SAV","2007-02-12","15.29","15.78","15.29","15.78","27150","2007","02","7","Monday"
"SAV","2007-02-13","16.15","16.15","15.78","15.78","26560","2007","02","7","Tuesday"
"SAV","2007-02-14","16.52","16.52","15.78","15.78","16870","2007","02","7","Wednesday"
"SAV","2007-02-15","15.78","16.52","15.78","16.52","19360","2007","02","7","Thursday"
"SAV","2007-02-26","16.52","17.26","16.52","17.26","15010","2007","02","9","Monday"
"SAV","2007-02-27","17.76","18","17.76","17.76","50870","2007","02","9","Tuesday"
"SAV","2007-02-28","18.25","18.25","17.76","17.76","45690","2007","02","9","Wednesday"
"SAV","2007-03-01","17.76","17.76","16.89","17.26","15860","2007","03","9","Thursday"
"SAV","2007-03-02","18.13","18.13","17.51","17.51","19450","2007","03","9","Friday"
"SAV","2007-03-05","18","18","17.51","17.51","50480","2007","03","10","Monday"
"SAV","2007-03-06","18.37","18.37","18","18","50470","2007","03","10","Tuesday"
"SAV","2007-03-07","18.87","18.87","18.87","18.87","10070","2007","03","10","Wednesday"
"SAV","2007-03-08","19.73","19.73","19.73","19.73","65180","2007","03","10","Thursday"
"SAV","2007-03-09","20.72","20.72","20.72","20.72","89110","2007","03","10","Friday"
"SAV","2007-03-12","21.7","21.7","21.7","21.7","77620","2007","03","11","Monday"
"SAV","2007-03-13","22.69","22.69","21.7","21.7","78290","2007","03","11","Tuesday"
"SAV","2007-03-14","21.46","21.46","20.72","20.72","15340","2007","03","11","Wednesday"
"SAV","2007-03-15","19.73","19.73","19.73","19.73","43930","2007","03","11","Thursday"
"SAV","2007-03-16","19.73","20.72","19.73","20.72","31920","2007","03","11","Friday"
"SAV","2007-03-19","20.72","20.72","20.72","20.72","66450","2007","03","12","Monday"
"SAV","2007-03-20","20.22","20.22","19.73","19.73","34340","2007","03","12","Tuesday"
"SAV","2007-03-21","20.72","20.72","20.22","20.22","33620","2007","03","12","Wednesday"
"SAV","2007-03-22","19.73","19.73","19.73","19.73","30850","2007","03","12","Thursday"
"SAV","2007-03-23","19.73","19.73","18.74","18.74","14050","2007","03","12","Friday"
"SAV","2007-03-26","17.88","18.13","17.88","18.13","38040","2007","03","13","Monday"
"SAV","2007-03-27","17.76","17.76","17.26","17.26","19470","2007","03","13","Tuesday"
"SAV","2007-03-28","16.4","16.52","16.4","16.52","10800","2007","03","13","Wednesday"
"SAV","2007-03-29","17.26","17.26","17.26","17.26","51740","2007","03","13","Thursday"
"SAV","2007-03-30","18.13","18.13","17.26","17.26","36700","2007","03","13","Friday"
"SAV","2007-04-02","18.13","18.13","17.76","17.76","24390","2007","04","14","Monday"
"SAV","2007-04-03","17.26","17.26","16.89","16.89","5470","2007","04","14","Tuesday"
"SAV","2007-04-04","16.77","17.63","16.77","17.63","12110","2007","04","14","Wednesday"
"SAV","2007-04-05","18","18.13","17.76","17.76","25380","2007","04","14","Thursday"
"SAV","2007-04-06","17.76","17.76","16.89","17.26","9250","2007","04","14","Friday"
"SAV","2007-04-09","17.02","17.02","16.77","16.77","19430","2007","04","15","Monday"
"SAV","2007-04-10","16.77","17.26","16.77","17.26","19490","2007","04","15","Tuesday"
"SAV","2007-04-11","17.26","17.26","16.77","16.89","5570","2007","04","15","Wednesday"
"SAV","2007-04-12","16.28","16.52","16.28","16.52","16510","2007","04","15","Thursday"
"SAV","2007-04-13","16.28","17.14","16.28","17.14","28660","2007","04","15","Friday"
"SAV","2007-04-16","17.14","17.14","16.4","16.4","41210","2007","04","16","Monday"
"SAV","2007-04-17","16.4","16.4","15.78","15.78","33660","2007","04","16","Tuesday"
"SAV","2007-04-18","16.03","16.52","16.03","16.52","4400","2007","04","16","Wednesday"
"SAV","2007-04-19","17.14","17.26","17.02","17.02","23610","2007","04","16","Thursday"
"SAV","2007-04-20","17.02","17.02","16.77","16.77","17050","2007","04","16","Friday"
"SAV","2007-04-23","16.77","16.77","16.28","16.28","7460","2007","04","17","Monday"
"SAV","2007-04-24","15.78","15.78","15.78","15.78","7570","2007","04","17","Tuesday"
"SAV","2007-04-25","15.78","16.15","15.78","16.15","9250","2007","04","17","Wednesday"
"SAV","2007-05-02","16.89","16.89","16.52","16.52","14500","2007","05","18","Wednesday"
"SAV","2007-05-03","16.52","16.77","16.52","16.77","11250","2007","05","18","Thursday"
"SAV","2007-05-04","17.02","17.02","16.77","16.77","10180","2007","05","18","Friday"
"SAV","2007-05-07","17.26","17.26","17.26","17.26","20780","2007","05","19","Monday"
"SAV","2007-05-08","17.26","17.76","17.26","17.76","58870","2007","05","19","Tuesday"
"SAV","2007-05-09","18.5","18.5","18.25","18.25","53700","2007","05","19","Wednesday"
"SAV","2007-05-10","17.76","17.76","17.39","17.39","3200","2007","05","19","Thursday"
"SAV","2007-05-11","17.39","17.39","17.02","17.39","8500","2007","05","19","Friday"
"SAV","2007-05-14","17.76","18.25","17.76","17.88","10700","2007","05","20","Monday"
"SAV","2007-05-15","17.76","17.76","17.51","17.51","4720","2007","05","20","Tuesday"
"SAV","2007-05-16","17.51","17.51","17.51","17.51","13500","2007","05","20","Wednesday"
"SAV","2007-05-17","17.14","17.51","17.14","17.51","14150","2007","05","20","Thursday"
"SAV","2007-05-18","17.51","17.51","17.51","17.51","14360","2007","05","20","Friday"
"SAV","2007-05-21","17.51","17.76","17.51","17.76","9590","2007","05","21","Monday"
"SAV","2007-05-22","17.76","17.76","17.76","17.76","21610","2007","05","21","Tuesday"
"SAV","2007-05-23","18.5","18.5","18.25","18.25","12240","2007","05","21","Wednesday"
"SAV","2007-05-24","18","18","17.39","17.51","6650","2007","05","21","Thursday"
"SAV","2007-05-25","17.39","17.51","17.39","17.51","23670","2007","05","21","Friday"
"SAV","2007-05-28","17.51","17.76","17.51","17.76","12400","2007","05","22","Monday"
"SAV","2007-05-29","17.76","18.25","17.76","17.76","10810","2007","05","22","Tuesday"
"SAV","2007-05-30","17.76","17.76","17.76","17.76","6480","2007","05","22","Wednesday"
"SAV","2007-05-31","17.76","17.76","17.76","17.76","4500","2007","05","22","Thursday"
"SAV","2007-06-01","17.51","17.51","17.51","17.51","5550","2007","06","22","Friday"
"SAV","2007-06-04","17.76","17.76","17.51","17.51","8950","2007","06","23","Monday"
"SAV","2007-06-05","17.51","17.51","17.51","17.51","11190","2007","06","23","Tuesday"
"SAV","2007-06-06","17.02","17.26","17.02","17.26","5370","2007","06","23","Wednesday"
"SAV","2007-06-07","17.26","17.26","17.14","17.14","12300","2007","06","23","Thursday"
"SAV","2007-06-08","17.02","17.26","17.02","17.14","5670","2007","06","23","Friday"
"SAV","2007-06-11","17.26","17.26","17.26","17.26","8000","2007","06","24","Monday"
"SAV","2007-06-12","17.14","17.26","17.14","17.26","5850","2007","06","24","Tuesday"
"SAV","2007-06-13","17.26","17.26","17.26","17.26","11850","2007","06","24","Wednesday"
"SAV","2007-06-14","17.02","17.26","17.02","17.26","8780","2007","06","24","Thursday"
"SAV","2007-06-15","17.26","17.26","17.02","17.02","4080","2007","06","24","Friday"
"SAV","2007-06-18","17.26","17.26","17.26","17.26","12370","2007","06","25","Monday"
"SAV","2007-06-19","17.76","17.76","17.76","17.76","9850","2007","06","25","Tuesday"
"SAV","2007-06-20","17.76","17.76","17.51","17.51","10860","2007","06","25","Wednesday"
"SAV","2007-06-21","17.63","17.63","17.39","17.39","7130","2007","06","25","Thursday"
"SAV","2007-06-22","17.39","17.39","17.39","17.39","7310","2007","06","25","Friday"
"SAV","2007-06-25","17.51","17.51","17.14","17.14","12180","2007","06","26","Monday"
"SAV","2007-06-26","17.26","17.26","17.14","17.14","5100","2007","06","26","Tuesday"
"SAV","2007-06-27","17.14","17.14","17.02","17.02","6240","2007","06","26","Wednesday"
"SAV","2007-06-28","16.77","16.77","16.77","16.77","8030","2007","06","26","Thursday"
"SAV","2007-06-29","13.42","13.52","13.42","16.77","7600","2007","06","26","Friday"
"SAV","2007-07-02","13.61","13.61","13.42","16.77","5100","2007","07","27","Monday"
"SAV","2007-07-03","13.42","13.42","13.02","16.28","6790","2007","07","27","Tuesday"
"SAV","2007-07-04","12.63","13.42","12.63","16.77","2510","2007","07","27","Wednesday"
"SAV","2007-07-05","13.42","13.42","12.82","16.03","1420","2007","07","27","Thursday"
"SAV","2007-07-06","13.22","13.42","13.22","16.77","4620","2007","07","27","Friday"
"SAV","2007-07-09","13.52","13.52","13.42","16.77","3090","2007","07","28","Monday"
"SAV","2007-07-10","14.01","14.01","13.61","17.26","6390","2007","07","28","Tuesday"
"SAV","2007-07-11","14.3","14.3","14.11","17.63","10270","2007","07","28","Wednesday"
"SAV","2007-07-12","13.81","14.01","13.81","17.51","7330","2007","07","28","Thursday"
"SAV","2007-07-13","14.01","14.01","13.81","17.26","440","2007","07","28","Friday"
"SAV","2007-07-16","13.52","13.61","13.52","16.89","4430","2007","07","29","Monday"
"SAV","2007-07-17","13.52","13.52","13.52","16.89","2720","2007","07","29","Tuesday"
"SAV","2007-07-18","13.81","13.81","13.42","17.14","1910","2007","07","29","Wednesday"
"SAV","2007-07-19","14.01","14.01","13.71","17.26","13730","2007","07","29","Thursday"
"SAV","2007-07-20","14.01","14.01","14.01","17.51","13450","2007","07","29","Friday"
"SAV","2007-07-23","14.7","14.7","14.7","18.37","29270","2007","07","30","Monday"
"SAV","2007-07-24","14.7","14.7","14.4","18","13540","2007","07","30","Tuesday"
"SAV","2007-07-25","14.21","14.21","13.81","17.26","8920","2007","07","30","Wednesday"
"SAV","2007-07-26","13.42","13.42","13.32","16.65","4830","2007","07","30","Thursday"
"SAV","2007-07-27","12.92","13.22","12.92","16.52","4210","2007","07","30","Friday"
"SAV","2007-07-30","13.12","13.22","13.12","16.4","7540","2007","07","31","Monday"
"SAV","2007-07-31","13.12","13.12","12.92","16.4","23100","2007","07","31","Tuesday"
"SAV","2007-08-01","12.7","13.2","12.7","13.2","5250","2007","08","31","Wednesday"
"SAV","2007-08-02","13.69","13.81","13.56","13.56","19610","2007","08","31","Thursday"
"SAV","2007-08-03","13.81","13.94","13.81","13.94","20720","2007","08","31","Friday"
"SAV","2007-08-06","14.55","14.55","13.94","14.55","41310","2007","08","32","Monday"
"SAV","2007-08-07","14.8","15.17","14.55","15.17","72690","2007","08","32","Tuesday"
"SAV","2007-08-08","15.78","15.78","15.54","15.78","62000","2007","08","32","Wednesday"
"SAV","2007-08-09","15.78","15.78","15.29","15.29","13130","2007","08","32","Thursday"
"SAV","2007-08-10","14.67","15.04","14.67","14.8","6590","2007","08","32","Friday"
"SAV","2007-08-13","14.55","14.55","14.43","14.55","4120","2007","08","33","Monday"
"SAV","2007-08-14","15.04","15.04","14.8","14.8","2950","2007","08","33","Tuesday"
"SAV","2007-08-15","14.8","14.8","14.55","14.55","580","2007","08","33","Wednesday"
"SAV","2007-08-16","14.06","14.18","14.06","14.18","4930","2007","08","33","Thursday"
"SAV","2007-08-17","14.18","14.18","14.06","14.06","5000","2007","08","33","Friday"
"SAV","2007-08-20","13.69","13.81","13.69","13.69","3940","2007","08","34","Monday"
"SAV","2007-08-21","14.3","14.3","14.3","14.3","1170","2007","08","34","Tuesday"
"SAV","2007-08-22","14.3","14.3","14.18","14.18","3300","2007","08","34","Wednesday"
"SAV","2007-08-23","14.18","14.18","13.94","14.18","1250","2007","08","34","Thursday"
"SAV","2007-08-24","14.06","14.3","14.06","14.06","4130","2007","08","34","Friday"
"SAV","2007-08-27","14.67","14.67","14.18","14.55","6600","2007","08","35","Monday"
"SAV","2007-08-28","14.3","14.55","14.06","14.55","2790","2007","08","35","Tuesday"
"SAV","2007-08-29","14.55","14.67","14.55","14.67","7060","2007","08","35","Wednesday"
"SAV","2007-08-30","15.04","15.04","14.8","15.04","11680","2007","08","35","Thursday"
"SAV","2007-08-31","15.04","15.17","15.04","15.04","23470","2007","08","35","Friday"
"SAV","2007-09-04","15.17","15.29","15.17","15.29","11600","2007","09","36","Tuesday"
"SAV","2007-09-05","15.29","15.54","15.04","15.04","3040","2007","09","36","Wednesday"
"SAV","2007-09-06","15.29","15.29","15.17","15.29","9080","2007","09","36","Thursday"
"SAV","2007-09-07","15.04","15.29","14.8","15.04","3900","2007","09","36","Friday"
"SAV","2007-09-10","15.54","15.54","15.29","15.29","7770","2007","09","37","Monday"
"SAV","2007-09-11","15.29","15.29","14.92","15.04","3530","2007","09","37","Tuesday"
"SAV","2007-09-12","15.04","15.04","14.8","14.8","7860","2007","09","37","Wednesday"
"SAV","2007-09-13","14.43","14.43","14.3","14.43","9650","2007","09","37","Thursday"
"SAV","2007-09-14","14.18","14.8","14.18","14.8","17570","2007","09","37","Friday"
"SAV","2007-09-17","14.3","15.04","14.3","15.04","11630","2007","09","38","Monday"
"SAV","2007-09-18","15.04","15.04","14.55","14.55","6130","2007","09","38","Tuesday"
"SAV","2007-09-19","15.04","15.04","14.67","15.04","7450","2007","09","38","Wednesday"
"SAV","2007-09-20","15.04","15.04","14.92","15.04","17590","2007","09","38","Thursday"
"SAV","2007-09-21","14.8","14.8","14.67","14.67","4610","2007","09","38","Friday"
"SAV","2007-09-24","14.67","14.8","14.67","14.67","8520","2007","09","39","Monday"
"SAV","2007-09-25","14.8","15.04","14.8","15.04","17030","2007","09","39","Tuesday"
"SAV","2007-09-26","15.66","15.66","15.04","15.04","16800","2007","09","39","Wednesday"
"SAV","2007-09-27","15.04","15.17","14.92","15.04","59870","2007","09","39","Thursday"
"SAV","2007-09-28","15.04","15.17","14.8","15.04","45520","2007","09","39","Friday"
"SAV","2007-10-01","15.54","15.78","15.54","15.78","81630","2007","10","40","Monday"
"SAV","2007-10-02","16.52","16.52","16.03","16.52","82430","2007","10","40","Tuesday"
"SAV","2007-10-03","16.89","16.89","16.77","16.89","36320","2007","10","40","Wednesday"
"SAV","2007-10-04","16.77","16.77","16.4","16.52","23420","2007","10","40","Thursday"
"SAV","2007-10-05","15.78","16.15","15.78","16.03","22560","2007","10","40","Friday"
"SAV","2007-10-08","15.78","16.52","15.78","16.4","26280","2007","10","41","Monday"
"SAV","2007-10-09","16.28","16.28","16.03","16.28","16180","2007","10","41","Tuesday"
"SAV","2007-10-10","16.03","16.4","15.54","16.03","16490","2007","10","41","Wednesday"
"SAV","2007-10-11","15.78","16.03","15.78","15.78","37570","2007","10","41","Thursday"
"SAV","2007-10-15","15.91","16.03","15.78","15.78","33510","2007","10","42","Monday"
"SAV","2007-10-16","15.78","15.78","15.54","15.54","28500","2007","10","42","Tuesday"
"SAV","2007-10-17","16.28","16.28","15.78","16.28","64740","2007","10","42","Wednesday"
"SAV","2007-10-18","16.28","16.52","15.91","15.91","33410","2007","10","42","Thursday"
"SAV","2007-10-19","15.78","15.78","15.54","15.78","16800","2007","10","42","Friday"
"SAV","2007-10-26","15.41","15.41","15.29","15.41","32770","2007","10","43","Friday"
"SAV","2007-10-31","15.04","15.04","14.8","14.8","22500","2007","10","44","Wednesday"
"SAV","2007-11-01","14.8","15.17","14.8","15.04","44000","2007","11","44","Thursday"
"SAV","2007-11-02","14.8","14.92","14.8","14.8","65070","2007","11","44","Friday"
"SAV","2007-11-06","14.3","14.92","14.3","14.8","22770","2007","11","45","Tuesday"
"SAV","2007-11-07","14.8","15.17","14.8","15.04","28300","2007","11","45","Wednesday"
"SAV","2007-11-08","14.67","14.8","14.55","14.55","14620","2007","11","45","Thursday"
"SAV","2007-11-09","14.06","14.3","14.06","14.3","9780","2007","11","45","Friday"
"SAV","2007-11-12","13.94","14.06","13.81","13.81","24960","2007","11","46","Monday"
"SAV","2007-11-13","13.44","13.44","13.2","13.32","43550","2007","11","46","Tuesday"
"SAV","2007-11-14","13.94","13.94","13.32","13.94","19730","2007","11","46","Wednesday"
"SAV","2007-11-15","13.81","13.94","13.81","13.94","10770","2007","11","46","Thursday"
"SAV","2007-11-16","14.18","14.18","13.69","13.69","11100","2007","11","46","Friday"
"SAV","2007-11-19","13.69","13.69","13.44","13.69","22580","2007","11","47","Monday"
"SAV","2007-11-20","13.56","13.81","13.56","13.56","6850","2007","11","47","Tuesday"
"SAV","2007-11-21","13.32","13.56","13.2","13.2","17490","2007","11","47","Wednesday"
"SAV","2007-11-22","13.2","13.44","13.07","13.32","6020","2007","11","47","Thursday"
"SAV","2007-11-23","13.32","13.32","13.32","13.32","2800","2007","11","47","Friday"
"SAV","2007-11-26","13.2","13.56","13.2","13.44","8560","2007","11","48","Monday"
"SAV","2007-11-27","13.44","13.56","13.32","13.32","12080","2007","11","48","Tuesday"
"SAV","2007-11-28","13.44","13.44","13.32","13.32","11210","2007","11","48","Wednesday"
"SAV","2007-11-29","13.32","13.44","13.32","13.32","2800","2007","11","48","Thursday"
"SAV","2007-11-30","13.32","13.44","13.32","13.32","8100","2007","11","48","Friday"
"SAV","2007-12-03","13.2","13.32","13.2","13.32","10670","2007","12","49","Monday"
"SAV","2007-12-04","13.32","13.44","13.2","13.44","9910","2007","12","49","Tuesday"
"SAV","2007-12-05","13.32","13.44","13.2","13.2","9060","2007","12","49","Wednesday"
"SAV","2007-12-06","13.32","13.32","13.2","13.2","4420","2007","12","49","Thursday"
"SAV","2007-12-07","13.32","13.32","13.32","13.32","14000","2007","12","49","Friday"
"SAV","2007-12-10","13.32","13.32","13.2","13.2","4810","2007","12","50","Monday"
"SAV","2007-12-11","13.2","13.2","12.82","13.07","14920","2007","12","50","Tuesday"
"SAV","2007-12-12","12.7","13.07","12.7","13.07","2550","2007","12","50","Wednesday"
"SAV","2007-12-14","12.95","12.95","12.82","12.95","6100","2007","12","50","Friday"
"SAV","2007-12-17","12.95","12.95","12.58","12.82","1450","2007","12","51","Monday"
"SAV","2007-12-18","12.26","12.46","12.26","12.46","4090","2007","12","51","Tuesday"
"SAV","2007-12-20","12.95","12.95","12.58","12.58","2800","2007","12","51","Thursday"
"SAV","2007-12-21","12.46","12.58","12.33","12.58","8670","2007","12","51","Friday"
"SAV","2007-12-24","12.58","12.7","12.46","12.58","1850","2007","12","52","Monday"
"SAV","2007-12-25","12.58","12.58","12.58","12.58","1330","2007","12","52","Tuesday"
"SAV","2007-12-26","12.82","12.82","12.33","12.33","2910","2007","12","52","Wednesday"
"SAV","2007-12-27","12.46","12.46","12.33","12.33","3920","2007","12","52","Thursday"
"SAV","2007-12-28","12.58","12.58","12.33","12.58","1890","2007","12","52","Friday"
"SAV","2008-01-02","12.33","12.58","12.33","12.46","4000","2008","01","1","Wednesday"
"SAV","2008-01-03","12.33","12.33","12.09","12.09","5950","2008","01","1","Thursday"
"SAV","2008-01-04","12.09","12.33","12.09","12.33","2000","2008","01","1","Friday"
"SAV","2008-01-07","12.33","12.33","11.84","11.84","2000","2008","01","2","Monday"
"SAV","2008-01-08","11.84","12.21","11.84","11.84","6480","2008","01","2","Tuesday"
"SAV","2008-01-10","11.17","11.17","11.15","11.15","5280","2008","01","2","Thursday"
"SAV","2008-01-11","10.75","11.64","10.75","10.85","7040","2008","01","2","Friday"
"SAV","2008-01-14","10.85","10.85","10.31","10.31","8790","2008","01","3","Monday"
"SAV","2008-01-15","9.82","9.87","9.82","9.82","7980","2008","01","3","Tuesday"
"SAV","2008-01-16","10.28","10.28","10.09","10.28","5670","2008","01","3","Wednesday"
"SAV","2008-01-17","10.36","10.56","10.19","10.23","13590","2008","01","3","Thursday"
"SAV","2008-01-18","10.36","10.68","10.36","10.68","15640","2008","01","3","Friday"
"SAV","2008-01-21","11.17","11.2","11.07","11.1","28690","2008","01","4","Monday"
"SAV","2008-01-22","11.1","11.1","10.85","10.85","9570","2008","01","4","Tuesday"
"SAV","2008-01-23","10.85","10.85","10.31","10.31","17730","2008","01","4","Wednesday"
"SAV","2008-01-25","9.47","9.87","9.42","9.87","13830","2008","01","4","Friday"
"SAV","2008-01-28","9.87","9.99","9.87","9.99","12070","2008","01","5","Monday"
"SAV","2008-01-29","10.33","10.48","10.23","10.48","7730","2008","01","5","Tuesday"
"SAV","2008-01-30","11","11","11","11","3790","2008","01","5","Wednesday"
"SAV","2008-01-31","10.93","11","10.48","11","20920","2008","01","5","Thursday"
"SAV","2008-02-01","10.73","11.47","10.73","11.47","10120","2008","02","5","Friday"
"SAV","2008-02-12","11.47","11.47","11.35","11.35","6700","2008","02","7","Tuesday"
"SAV","2008-02-13","10.88","10.9","10.78","10.78","4920","2008","02","7","Wednesday"
"SAV","2008-02-15","10.73","10.73","10.38","10.61","3920","2008","02","7","Friday"
"SAV","2008-02-18","10.14","10.23","10.11","10.14","5700","2008","02","8","Monday"
"SAV","2008-02-19","9.87","10.31","9.87","10.31","2570","2008","02","8","Tuesday"
"SAV","2008-02-20","9.87","9.91","9.82","9.82","11990","2008","02","8","Wednesday"
"SAV","2008-02-22","9.13","9.13","8.9","9.13","4490","2008","02","8","Friday"
"SAV","2008-02-25","9.37","9.57","9.37","9.57","5600","2008","02","9","Monday"
"SAV","2008-02-26","9.62","9.62","9.1","9.1","1030","2008","02","9","Tuesday"
"SAV","2008-02-27","8.68","9.1","8.68","8.8","7320","2008","02","9","Wednesday"
"SAV","2008-02-28","8.8","8.88","8.8","8.8","11180","2008","02","9","Thursday"
"SAV","2008-02-29","8.88","8.88","8.48","8.48","6190","2008","02","9","Friday"
"SAV","2008-03-03","8.51","8.63","8.06","8.06","35550","2008","03","10","Monday"
"SAV","2008-03-04","7.74","7.77","7.67","7.72","30060","2008","03","10","Tuesday"
"SAV","2008-03-05","7.35","7.35","7.35","7.35","18800","2008","03","10","Wednesday"
"SAV","2008-03-11","8.21","8.26","7.97","7.97","7910","2008","03","11","Tuesday"
"SAV","2008-03-12","7.89","8.36","7.89","7.97","18310","2008","03","11","Wednesday"
"SAV","2008-03-13","8.34","8.36","8.02","8.26","12160","2008","03","11","Thursday"
"SAV","2008-03-14","8.38","8.38","8.26","8.38","8640","2008","03","11","Friday"
"SAV","2008-03-17","7.97","8.14","7.97","7.97","9890","2008","03","12","Monday"
"SAV","2008-03-18","7.57","7.6","7.57","7.6","10490","2008","03","12","Tuesday"
"SAV","2008-03-19","7.97","7.97","7.6","7.97","8700","2008","03","12","Wednesday"
"SAV","2008-03-20","8.24","8.24","7.6","8.19","8560","2008","03","12","Thursday"
"SAV","2008-03-21","8.02","8.02","7.79","7.99","13310","2008","03","12","Friday"
"SAV","2008-03-24","8.34","8.34","7.6","7.6","12540","2008","03","13","Monday"
"SAV","2008-03-25","7.23","7.23","7.23","7.23","12800","2008","03","13","Tuesday"
"SAV","2008-03-26","7.57","7.57","7.5","7.5","6560","2008","03","13","Wednesday"
"SAV","2008-03-27","7.5","7.57","7.5","7.57","270","2008","03","13","Thursday"
"SAV","2008-03-31","7.64","7.72","7.64","7.72","200","2008","03","14","Monday"
"SAV","2008-04-03","7.94","7.94","7.94","7.94","100","2008","04","14","Thursday"
"SAV","2008-04-08","8.31","8.31","8.02","8.31","31600","2008","04","15","Tuesday"
"SAV","2008-04-09","8.46","8.46","8.46","8.46","16050","2008","04","15","Wednesday"
"SAV","2008-04-10","8.31","8.31","8.31","8.31","16000","2008","04","15","Thursday"
"SAV","2008-04-11","8.16","8.16","8.16","8.16","9570","2008","04","15","Friday"
"SAV","2008-04-16","8.02","8.02","8.02","8.02","10960","2008","04","16","Wednesday"
"SAV","2008-04-17","7.87","8.02","7.87","7.87","5900","2008","04","16","Thursday"
"SAV","2008-04-18","8.02","8.02","7.87","7.87","2250","2008","04","16","Friday"
"SAV","2008-04-22","7.72","7.72","7.57","7.57","10440","2008","04","17","Tuesday"
"SAV","2008-04-24","7.33","7.42","7.33","7.42","1620","2008","04","17","Thursday"
"SAV","2008-04-25","7.3","7.4","7.28","7.4","2260","2008","04","17","Friday"
"SAV","2008-05-05","7.18","7.4","7.18","7.4","1870","2008","05","19","Monday"
"SAV","2008-05-06","7.4","7.4","7.25","7.28","5700","2008","05","19","Tuesday"
"SAV","2008-05-07","7.15","7.25","7.15","7.25","5010","2008","05","19","Wednesday"
"SAV","2008-05-13","6.78","6.78","6.76","6.76","300","2008","05","20","Tuesday"
"SAV","2008-05-14","6.63","6.63","6.63","6.63","100","2008","05","20","Wednesday"
"SAV","2008-05-15","6.51","6.51","6.51","6.51","380","2008","05","20","Thursday"
"SAV","2008-05-16","6.39","6.39","6.39","6.39","11010","2008","05","20","Friday"
"SAV","2008-05-23","5.84","5.84","5.84","5.84","20","2008","05","21","Friday"
"SAV","2008-05-30","5.75","5.65","5.65","5.65","2300","2008","05","22","Friday"
"SAV","2008-06-02","5.55","5.55","5.55","5.55","100","2008","06","23","Monday"
"SAV","2008-06-06","5.16","5.16","5.16","5.16","2800","2008","06","23","Friday"
"SAV","2008-06-10","4.96","4.96","4.96","4.96","20","2008","06","24","Tuesday"
"SAV","2008-06-11","4.86","4.88","4.86","4.88","3300","2008","06","24","Wednesday"
"SAV","2008-06-12","4.81","4.81","4.81","4.81","2360","2008","06","24","Thursday"
"SAV","2008-06-16","4.96","4.96","4.96","4.96","1190","2008","06","25","Monday"
"SAV","2008-06-17","5.06","5.06","5.06","5.06","190","2008","06","25","Tuesday"
"SAV","2008-06-18","5.08","5.08","4.96","4.96","3560","2008","06","25","Wednesday"
"SAV","2008-06-19","4.81","4.81","4.81","4.81","5900","2008","06","25","Thursday"
"SAV","2008-06-23","4.56","4.69","4.56","4.56","4190","2008","06","26","Monday"
"SAV","2008-06-24","4.69","4.69","4.69","4.69","210","2008","06","26","Tuesday"
"SAV","2008-06-25","4.81","4.81","4.81","4.81","2880","2008","06","26","Wednesday"
"SAV","2008-06-26","4.93","4.93","4.69","4.81","1980","2008","06","26","Thursday"
"SAV","2008-06-27","4.69","4.69","4.69","4.69","1270","2008","06","26","Friday"
"SAV","2008-06-30","4.56","4.69","4.56","4.69","1900","2008","06","27","Monday"
"SAV","2008-07-01","4.69","4.81","4.69","4.81","5520","2008","07","27","Tuesday"
"SAV","2008-07-02","4.93","4.93","4.81","4.93","2600","2008","07","27","Wednesday"
"SAV","2008-07-03","5.06","5.08","5.06","5.08","3830","2008","07","27","Thursday"
"SAV","2008-07-04","5.23","5.23","5.13","5.18","31170","2008","07","27","Friday"
"SAV","2008-07-07","5.2","5.2","5.03","5.03","490","2008","07","28","Monday"
"SAV","2008-07-08","4.88","4.88","4.88","4.88","3370","2008","07","28","Tuesday"
"SAV","2008-07-09","4.79","4.88","4.76","4.76","7410","2008","07","28","Wednesday"
"SAV","2008-07-10","4.64","4.69","4.64","4.64","14420","2008","07","28","Thursday"
"SAV","2008-07-11","4.56","4.76","4.56","4.76","13320","2008","07","28","Friday"
"SAV","2008-07-14","4.88","4.88","4.86","4.88","23870","2008","07","29","Monday"
"SAV","2008-07-15","5.01","5.01","4.96","4.98","43960","2008","07","29","Tuesday"
"SAV","2008-07-16","4.83","4.98","4.83","4.98","12850","2008","07","29","Wednesday"
"SAV","2008-07-17","4.83","4.91","4.83","4.83","9470","2008","07","29","Thursday"
"SAV","2008-07-24","4.22","4.22","4.22","4.22","1010","2008","07","30","Thursday"
"SAV","2008-07-25","4.09","4.09","4.09","4.09","300","2008","07","30","Friday"
"SAV","2008-07-28","4","4","4","4","2500","2008","07","31","Monday"
"SAV","2008-07-29","3.9","3.9","3.9","3.9","10020","2008","07","31","Tuesday"
"SAV","2008-07-30","3.8","3.8","3.8","3.8","2370","2008","07","31","Wednesday"
"SAV","2008-07-31","3.7","3.7","3.7","3.7","3230","2008","07","31","Thursday"
"SAV","2008-08-01","3.6","3.6","3.6","3.6","4850","2008","08","31","Friday"
"SAV","2008-08-06","3.31","3.31","3.31","3.31","17240","2008","08","32","Wednesday"
"SAV","2008-08-07","3.4","3.4","3.28","3.31","37540","2008","08","32","Thursday"
"SAV","2008-08-08","3.23","3.23","3.21","3.21","31520","2008","08","32","Friday"
"SAV","2008-08-11","3.28","3.28","3.26","3.28","102160","2008","08","33","Monday"
"SAV","2008-08-12","3.35","3.35","3.35","3.35","76390","2008","08","33","Tuesday"
"SAV","2008-08-13","3.45","3.45","3.45","3.45","51910","2008","08","33","Wednesday"
"SAV","2008-08-15","3.55","3.65","3.55","3.65","1740","2008","08","33","Friday"
"SAV","2008-08-18","3.82","3.82","3.77","3.82","38200","2008","08","34","Monday"
"SAV","2008-08-19","4","4","3.82","3.82","59390","2008","08","34","Tuesday"
"SAV","2008-08-20","3.65","3.97","3.65","3.72","18960","2008","08","34","Wednesday"
"SAV","2008-08-21","3.85","3.9","3.85","3.9","14550","2008","08","34","Thursday"
"SAV","2008-08-22","4.07","4.07","3.75","4.07","32600","2008","08","34","Friday"
"SAV","2008-08-25","4.27","4.27","4.27","4.27","24090","2008","08","35","Monday"
"SAV","2008-08-26","4.46","4.46","4.46","4.46","20060","2008","08","35","Tuesday"
"SAV","2008-08-27","4.69","4.69","4.69","4.69","82450","2008","08","35","Wednesday"
"SAV","2008-08-28","4.56","4.64","4.46","4.46","78520","2008","08","35","Thursday"
"SAV","2008-08-29","4.24","4.56","4.24","4.56","39710","2008","08","35","Friday"
"SAV","2008-09-04","4.98","4.98","4.56","4.86","49880","2008","09","36","Thursday"
"SAV","2008-09-05","4.64","4.93","4.64","4.69","34400","2008","09","36","Friday"
"SAV","2008-09-08","4.46","4.69","4.46","4.69","14550","2008","09","37","Monday"
"SAV","2008-09-09","4.91","4.91","4.56","4.56","12370","2008","09","37","Tuesday"
"SAV","2008-09-10","4.56","4.56","4.34","4.34","20230","2008","09","37","Wednesday"
"SAV","2008-09-11","4.14","4.32","4.14","4.32","35130","2008","09","37","Thursday"
"SAV","2008-09-12","4.12","4.12","4.12","4.12","13410","2008","09","37","Friday"
"SAV","2008-09-15","3.97","4.32","3.97","4.14","21450","2008","09","38","Monday"
"SAV","2008-09-16","4.19","4.19","3.95","3.95","25500","2008","09","38","Tuesday"
"SAV","2008-09-17","3.75","3.75","3.75","3.75","21550","2008","09","38","Wednesday"
"SAV","2008-09-18","3.58","3.58","3.58","3.58","25970","2008","09","38","Thursday"
"SAV","2008-09-19","3.75","3.75","3.75","3.75","25530","2008","09","38","Friday"
"SAV","2008-09-22","3.92","3.92","3.92","3.92","15000","2008","09","39","Monday"
"SAV","2008-09-23","3.92","4.02","3.75","3.92","40050","2008","09","39","Tuesday"
"SAV","2008-09-24","3.77","3.95","3.77","3.95","14920","2008","09","39","Wednesday"
"SAV","2008-09-25","3.77","4.09","3.77","4.09","12200","2008","09","39","Thursday"
"SAV","2008-09-26","4.19","4.19","3.92","3.92","32850","2008","09","39","Friday"
"SAV","2008-09-29","3.92","3.92","3.75","3.9","41760","2008","09","40","Monday"
"SAV","2008-10-01","3.6","3.72","3.6","3.72","14110","2008","10","40","Wednesday"
"SAV","2008-10-02","3.8","3.87","3.7","3.7","21400","2008","10","40","Thursday"
"SAV","2008-10-03","3.7","3.7","3.65","3.67","2510","2008","10","40","Friday"
"SAV","2008-10-06","3.5","3.53","3.5","3.5","9600","2008","10","41","Monday"
"SAV","2008-10-07","3.33","3.33","3.33","3.33","13600","2008","10","41","Tuesday"
"SAV","2008-10-08","3.23","3.4","3.18","3.4","7940","2008","10","41","Wednesday"
"SAV","2008-10-09","3.26","3.55","3.26","3.45","19600","2008","10","41","Thursday"
"SAV","2008-10-10","3.31","3.45","3.28","3.33","17070","2008","10","41","Friday"
"SAV","2008-10-13","3.21","3.31","3.21","3.21","6760","2008","10","42","Monday"
"SAV","2008-10-14","3.35","3.35","3.35","3.35","440","2008","10","42","Tuesday"
"SAV","2008-10-15","3.35","3.43","3.35","3.43","3860","2008","10","42","Wednesday"
"SAV","2008-10-16","3.28","3.35","3.28","3.28","2730","2008","10","42","Thursday"
"SAV","2008-10-17","3.21","3.4","3.21","3.4","6350","2008","10","42","Friday"
"SAV","2008-10-20","3.31","3.31","3.26","3.26","3940","2008","10","43","Monday"
"SAV","2008-10-21","3.28","3.28","3.18","3.18","2700","2008","10","43","Tuesday"
"SAV","2008-10-22","3.28","3.28","3.21","3.21","1310","2008","10","43","Wednesday"
"SAV","2008-10-23","3.08","3.21","3.06","3.21","12680","2008","10","43","Thursday"
"SAV","2008-10-24","3.16","3.16","3.06","3.06","23700","2008","10","43","Friday"
"SAV","2008-10-27","2.96","3.03","2.91","3.03","12600","2008","10","44","Monday"
"SAV","2008-10-28","2.89","2.96","2.89","2.96","30050","2008","10","44","Tuesday"
"SAV","2008-10-29","3.11","3.11","2.91","3.11","12600","2008","10","44","Wednesday"
"SAV","2008-10-30","3.16","3.16","3.16","3.16","3000","2008","10","44","Thursday"
"SAV","2008-10-31","3.01","3.16","3.01","3.16","25500","2008","10","44","Friday"
"SAV","2008-11-03","3.08","3.08","3.01","3.01","11980","2008","11","45","Monday"
"SAV","2008-11-04","2.86","3.03","2.86","3.03","14100","2008","11","45","Tuesday"
"SAV","2008-11-05","3.08","3.08","3.03","3.06","11120","2008","11","45","Wednesday"
"SAV","2008-11-06","3.06","3.06","2.96","3.06","12510","2008","11","45","Thursday"
"SAV","2008-11-07","3.11","3.11","3.03","3.03","18250","2008","11","45","Friday"
"SAV","2008-11-10","2.98","3.13","2.98","3.13","11320","2008","11","46","Monday"
"SAV","2008-11-11","3.06","3.13","3.03","3.13","22210","2008","11","46","Tuesday"
"SAV","2008-11-12","3.13","3.21","3.08","3.21","13740","2008","11","46","Wednesday"
"SAV","2008-11-13","3.28","3.28","3.16","3.28","2630","2008","11","46","Thursday"
"SAV","2008-11-14","3.28","3.31","3.21","3.21","13310","2008","11","46","Friday"
"SAV","2008-11-18","3.03","3.08","3.03","3.08","20860","2008","11","47","Tuesday"
"SAV","2008-11-19","3.23","3.23","3.11","3.21","4000","2008","11","47","Wednesday"
"SAV","2008-11-20","3.21","3.28","3.21","3.28","14710","2008","11","47","Thursday"
"SAV","2008-11-21","3.21","3.31","3.21","3.26","1900","2008","11","47","Friday"
"SAV","2008-11-24","3.4","3.4","3.18","3.33","20000","2008","11","48","Monday"
"SAV","2008-11-25","3.23","3.33","3.21","3.33","14950","2008","11","48","Tuesday"
"SAV","2008-11-26","3.21","3.23","3.18","3.18","175200","2008","11","48","Wednesday"
"SAV","2008-11-27","3.08","3.16","3.08","3.16","51390","2008","11","48","Thursday"
"SAV","2008-11-28","3.28","3.31","3.28","3.31","10700","2008","11","48","Friday"
"SAV","2008-12-01","3.26","3.45","3.26","3.38","2710","2008","12","49","Monday"
"SAV","2008-12-02","3.23","3.23","3.23","3.23","6300","2008","12","49","Tuesday"
"SAV","2008-12-05","3.21","3.21","3.21","3.21","7450","2008","12","49","Friday"
"SAV","2008-12-08","3.18","3.21","3.18","3.21","21860","2008","12","50","Monday"
"SAV","2008-12-09","3.28","3.28","3.16","3.21","7840","2008","12","50","Tuesday"
"SAV","2008-12-10","3.21","3.23","3.21","3.23","8750","2008","12","50","Wednesday"
"SAV","2008-12-11","3.28","3.38","3.21","3.38","46770","2008","12","50","Thursday"
"SAV","2008-12-12","3.31","3.43","3.31","3.43","2950","2008","12","50","Friday"
"SAV","2008-12-15","3.33","3.43","3.33","3.43","2300","2008","12","51","Monday"
"SAV","2008-12-16","3.33","3.33","3.33","3.33","211100","2008","12","51","Tuesday"
"SAV","2008-12-17","3.43","3.48","3.4","3.48","16040","2008","12","51","Wednesday"
"SAV","2008-12-18","3.48","3.48","3.33","3.48","9270","2008","12","51","Thursday"
"SAV","2008-12-19","3.38","3.63","3.35","3.35","102160","2008","12","51","Friday"
"SAV","2008-12-22","3.33","3.5","3.33","3.38","83010","2008","12","52","Monday"
"SAV","2008-12-24","3.53","3.53","3.31","3.31","1510","2008","12","52","Wednesday"
"SAV","2008-12-25","3.38","3.38","3.38","3.38","2610","2008","12","52","Thursday"
"SAV","2008-12-30","3.35","3.53","3.35","3.53","169020","2008","12","1","Tuesday"
"SAV","2008-12-31","3.58","3.58","3.53","3.53","9610","2008","12","1","Wednesday"
"SAV","2009-01-02","3.53","3.63","3.38","3.63","37910","2009","01","1","Friday"
"SAV","2009-01-06","3.45","3.58","3.43","3.43","41970","2009","01","2","Tuesday"
"SAV","2009-01-07","3.45","3.5","3.4","3.5","15960","2009","01","2","Wednesday"
"SAV","2009-01-09","3.4","3.48","3.4","3.48","52910","2009","01","2","Friday"
"SAV","2009-01-12","3.45","3.5","3.43","3.5","3400","2009","01","3","Monday"
"SAV","2009-01-13","3.4","3.5","3.4","3.43","11140","2009","01","3","Tuesday"
"SAV","2009-01-14","3.43","3.45","3.43","3.45","33560","2009","01","3","Wednesday"
"SAV","2009-01-15","3.4","3.45","3.4","3.43","12930","2009","01","3","Thursday"
"SAV","2009-01-16","3.45","3.45","3.45","3.45","9500","2009","01","3","Friday"
"SAV","2009-01-19","3.43","3.45","3.43","3.45","3510","2009","01","4","Monday"
"SAV","2009-01-20","3.43","3.48","3.43","3.45","17610","2009","01","4","Tuesday"
"SAV","2009-01-21","3.5","3.5","3.43","3.45","5500","2009","01","4","Wednesday"
"SAV","2009-01-22","3.43","3.53","3.43","3.53","5820","2009","01","4","Thursday"
"SAV","2009-01-23","3.4","3.58","3.4","3.4","1810","2009","01","4","Friday"
"SAV","2009-02-02","3.48","3.48","3.48","3.48","3000","2009","02","6","Monday"
"SAV","2009-02-03","3.48","3.55","3.43","3.55","6110","2009","02","6","Tuesday"
"SAV","2009-02-04","3.5","3.58","3.5","3.58","5310","2009","02","6","Wednesday"
"SAV","2009-02-05","3.58","3.6","3.55","3.6","14810","2009","02","6","Thursday"
"SAV","2009-02-06","3.6","3.65","3.6","3.65","6860","2009","02","6","Friday"
"SAV","2009-02-09","3.65","3.77","3.65","3.77","11310","2009","02","7","Monday"
"SAV","2009-02-10","3.75","3.8","3.7","3.8","11300","2009","02","7","Tuesday"
"SAV","2009-02-11","3.8","3.82","3.7","3.82","48760","2009","02","7","Wednesday"
"SAV","2009-02-12","3.43","3.7","3.43","3.67","5230","2009","02","7","Thursday"
"SAV","2009-02-13","3.58","3.65","3.58","3.65","15500","2009","02","7","Friday"
"SAV","2009-02-16","3.53","3.63","3.53","3.63","16010","2009","02","8","Monday"
"SAV","2009-02-17","3.45","3.6","3.45","3.6","13800","2009","02","8","Tuesday"
"SAV","2009-02-18","3.58","3.58","3.43","3.43","9520","2009","02","8","Wednesday"
"SAV","2009-02-19","3.48","3.53","3.48","3.53","6090","2009","02","8","Thursday"
"SAV","2009-02-20","3.53","3.53","3.53","3.53","8860","2009","02","8","Friday"
"SAV","2009-02-23","3.38","3.38","3.35","3.35","47830","2009","02","9","Monday"
"SAV","2009-02-24","3.23","3.28","3.21","3.21","1540","2009","02","9","Tuesday"
"SAV","2009-02-25","3.33","3.35","3.33","3.35","620","2009","02","9","Wednesday"
"SAV","2009-02-26","3.45","3.45","3.38","3.38","3300","2009","02","9","Thursday"
"SAV","2009-02-27","3.38","3.53","3.38","3.53","3310","2009","02","9","Friday"
"SAV","2009-03-03","3.43","3.63","3.43","3.63","2700","2009","03","10","Tuesday"
"SAV","2009-03-04","3.45","3.7","3.45","3.7","1100","2009","03","10","Wednesday"
"SAV","2009-03-06","3.58","3.75","3.58","3.7","7330","2009","03","10","Friday"
"SAV","2009-03-09","3.7","3.7","3.7","3.7","800","2009","03","11","Monday"
"SAV","2009-03-10","3.82","3.82","3.82","3.82","100","2009","03","11","Tuesday"
"SAV","2009-03-11","3.77","3.82","3.77","3.8","1960","2009","03","11","Wednesday"
"SAV","2009-03-12","3.63","3.63","3.63","3.63","1450","2009","03","11","Thursday"
"SAV","2009-03-16","3.77","3.8","3.77","3.8","4500","2009","03","12","Monday"
"SAV","2009-03-17","3.8","3.85","3.8","3.85","5860","2009","03","12","Tuesday"
"SAV","2009-03-18","3.92","3.92","3.77","3.77","4320","2009","03","12","Wednesday"
"SAV","2009-03-19","3.75","3.85","3.7","3.85","2000","2009","03","12","Thursday"
"SAV","2009-03-20","3.8","3.85","3.8","3.85","2100","2009","03","12","Friday"
"SAV","2009-03-23","3.9","3.9","3.82","3.82","3300","2009","03","13","Monday"
"SAV","2009-03-24","3.85","3.85","3.85","3.85","470","2009","03","13","Tuesday"
"SAV","2009-03-25","3.67","3.95","3.67","3.95","6210","2009","03","13","Wednesday"
"SAV","2009-03-26","4.07","4.07","3.92","4.04","3200","2009","03","13","Thursday"
"SAV","2009-03-27","4.19","4.19","4.07","4.19","8330","2009","03","13","Friday"
"SAV","2009-03-30","4.19","4.19","4","4","4770","2009","03","14","Monday"
"SAV","2009-03-31","4.17","4.17","4.07","4.07","5000","2009","03","14","Tuesday"
"SAV","2009-04-01","4.19","4.19","4.07","4.19","9540","2009","04","14","Wednesday"
"SAV","2009-04-02","4.32","4.37","4.29","4.37","7160","2009","04","14","Thursday"
"SAV","2009-04-03","4.49","4.49","4.39","4.49","16720","2009","04","14","Friday"
"SAV","2009-04-07","4.49","4.71","4.46","4.71","7820","2009","04","15","Tuesday"
"SAV","2009-04-08","4.71","4.71","4.56","4.71","5800","2009","04","15","Wednesday"
"SAV","2009-04-09","4.49","4.71","4.49","4.69","3720","2009","04","15","Thursday"
"SAV","2009-04-10","4.86","4.86","4.69","4.81","2540","2009","04","15","Friday"
"SAV","2009-04-13","4.81","5.03","4.81","4.98","15370","2009","04","16","Monday"
"SAV","2009-04-14","5.13","5.13","4.86","4.98","9840","2009","04","16","Tuesday"
"SAV","2009-04-15","4.74","4.91","4.74","4.74","4730","2009","04","16","Wednesday"
"SAV","2009-04-16","4.56","4.56","4.51","4.51","14360","2009","04","16","Thursday"
"SAV","2009-04-17","4.29","4.44","4.29","4.44","17340","2009","04","16","Friday"
"SAV","2009-04-20","4.32","4.32","4.22","4.22","4460","2009","04","17","Monday"
"SAV","2009-04-21","4.02","4.02","4.02","4.02","3020","2009","04","17","Tuesday"
"SAV","2009-04-22","4.22","4.22","4.07","4.22","5310","2009","04","17","Wednesday"
"SAV","2009-04-23","4.02","4.42","4.02","4.42","6740","2009","04","17","Thursday"
"SAV","2009-04-24","4.42","4.56","4.22","4.56","11950","2009","04","17","Friday"
"SAV","2009-04-27","4.39","4.69","4.34","4.34","4230","2009","04","18","Monday"
"SAV","2009-04-28","4.42","4.42","4.42","4.42","2500","2009","04","18","Tuesday"
"SAV","2009-04-29","4.56","4.56","4.56","4.56","3000","2009","04","18","Wednesday"
"SAV","2009-05-04","4.69","4.79","4.49","4.79","31100","2009","05","19","Monday"
"SAV","2009-05-05","5.01","5.01","5.01","5.01","38130","2009","05","19","Tuesday"
"SAV","2009-05-06","5.01","5.01","4.76","4.88","8870","2009","05","19","Wednesday"
"SAV","2009-05-07","5.06","5.11","4.96","5.11","189970","2009","05","19","Thursday"
"SAV","2009-05-08","5.18","5.25","4.86","5.11","7190","2009","05","19","Friday"
"SAV","2009-05-11","5.18","5.35","5.11","5.18","13600","2009","05","20","Monday"
"SAV","2009-05-12","4.93","5.43","4.93","5.3","153140","2009","05","20","Tuesday"
"SAV","2009-05-13","5.52","5.52","5.06","5.52","4560","2009","05","20","Wednesday"
"SAV","2009-05-14","5.25","5.25","5.25","5.25","1770","2009","05","20","Thursday"
"SAV","2009-05-15","5.43","5.43","5.01","5.06","21940","2009","05","20","Friday"
"SAV","2009-05-18","5.06","5.06","4.81","4.81","27590","2009","05","21","Monday"
"SAV","2009-05-19","5.03","5.03","4.61","4.61","24030","2009","05","21","Tuesday"
"SAV","2009-05-20","4.61","4.83","4.61","4.83","10730","2009","05","21","Wednesday"
"SAV","2009-05-21","5.06","5.06","5.03","5.06","14110","2009","05","21","Thursday"
"SAV","2009-05-22","5.28","5.3","5.06","5.06","54840","2009","05","21","Friday"
"SAV","2009-05-25","5.3","5.3","5.3","5.3","45060","2009","05","22","Monday"
"SAV","2009-05-26","5.3","5.55","5.3","5.55","38820","2009","05","22","Tuesday"
"SAV","2009-05-27","5.7","5.7","5.38","5.55","20150","2009","05","22","Wednesday"
"SAV","2009-05-28","5.33","5.82","5.28","5.82","18910","2009","05","22","Thursday"
"SAV","2009-05-29","6.07","6.07","5.87","6.04","25490","2009","05","22","Friday"
"SAV","2009-06-01","6.34","6.34","6.17","6.34","20040","2009","06","23","Monday"
"SAV","2009-06-02","6.63","6.63","6.63","6.63","21200","2009","06","23","Tuesday"
"SAV","2009-06-03","6.66","6.96","6.66","6.96","24040","2009","06","23","Wednesday"
"SAV","2009-06-04","6.63","7.3","6.63","7.28","124530","2009","06","23","Thursday"
"SAV","2009-06-05","7.62","7.62","7.4","7.55","49480","2009","06","23","Friday"
"SAV","2009-06-08","7.64","7.89","7.55","7.89","153050","2009","06","24","Monday"
"SAV","2009-06-09","7.52","7.89","7.52","8.26","39230","2009","06","24","Tuesday"
"SAV","2009-06-10","7.97","7.97","7.97","8.58","66540","2009","06","24","Wednesday"
"SAV","2009-06-11","8.26","8.26","8.26","8.88","38290","2009","06","24","Thursday"
"SAV","2009-06-12","9.25","9.25","8.93","9","49300","2009","06","24","Friday"
"SAV","2009-06-15","8.56","8.88","8.56","8.88","40150","2009","06","25","Monday"
"SAV","2009-06-16","8.44","8.44","8.44","8.44","16420","2009","06","25","Tuesday"
"SAV","2009-06-17","8.02","8.02","8.02","8.02","9550","2009","06","25","Wednesday"
"SAV","2009-06-18","7.62","8.36","7.62","7.62","36230","2009","06","25","Thursday"
"SAV","2009-06-19","7.99","7.99","7.64","7.99","79290","2009","06","25","Friday"
"SAV","2009-06-22","7.6","8.14","7.6","7.6","25160","2009","06","26","Monday"
"SAV","2009-06-23","7.23","7.64","7.23","7.23","29240","2009","06","26","Tuesday"
"SAV","2009-06-24","6.88","7.57","6.88","7.45","26710","2009","06","26","Wednesday"
"SAV","2009-06-25","7.77","7.77","7.4","7.74","19800","2009","06","26","Thursday"
"SAV","2009-06-26","7.42","8.09","7.42","8.09","27850","2009","06","26","Friday"
"SAV","2009-06-29","8.11","8.11","7.87","7.87","1010","2009","06","27","Monday"
"SAV","2009-07-01","7.55","7.62","7.18","7.3","17430","2009","07","27","Wednesday"
"SAV","2009-07-02","7.13","7.52","7.13","7.4","34160","2009","07","27","Thursday"
"SAV","2009-07-03","7.64","7.64","7.18","7.4","73120","2009","07","27","Friday"
"SAV","2009-07-06","7.4","7.7","7.18","7.64","13580","2009","07","28","Monday"
"SAV","2009-07-07","7.89","7.89","7.42","7.52","19500","2009","07","28","Tuesday"
"SAV","2009-07-08","7.52","7.77","7.4","7.6","10100","2009","07","28","Wednesday"
"SAV","2009-07-09","7.77","7.77","7.4","7.45","12050","2009","07","28","Thursday"
"SAV","2009-07-10","7.45","7.82","7.3","7.77","12420","2009","07","28","Friday"
"SAV","2009-07-13","7.4","7.77","7.4","7.4","2200","2009","07","29","Monday"
"SAV","2009-07-14","7.1","7.64","7.03","7.64","1110","2009","07","29","Tuesday"
"SAV","2009-07-15","7.28","7.64","7.28","7.64","770","2009","07","29","Wednesday"
"SAV","2009-07-16","7.4","7.64","7.4","7.62","1620","2009","07","29","Thursday"
"SAV","2009-07-17","7.4","7.6","7.25","7.37","9550","2009","07","29","Friday"
"SAV","2009-07-20","7.03","7.03","7.03","7.03","3350","2009","07","30","Monday"
"SAV","2009-07-21","7.35","7.35","6.91","7.15","6770","2009","07","30","Tuesday"
"SAV","2009-07-22","7.08","7.4","7.08","7.37","700","2009","07","30","Wednesday"
"SAV","2009-07-23","7.1","7.47","7.1","7.47","2510","2009","07","30","Thursday"
"SAV","2009-07-24","7.77","7.84","7.47","7.77","15970","2009","07","30","Friday"
"SAV","2009-07-27","7.77","8.02","7.4","7.77","9700","2009","07","31","Monday"
"SAV","2009-07-28","7.4","8.02","7.4","8.02","16060","2009","07","31","Tuesday"
"SAV","2009-07-30","7.28","7.62","7.28","7.52","17640","2009","07","31","Thursday"
"SAV","2009-07-31","7.52","7.52","7.28","7.52","23050","2009","07","31","Friday"
"SAV","2009-08-03","7.62","7.62","7.2","7.2","4020","2009","08","32","Monday"
"SAV","2009-08-05","7.42","7.42","7.33","7.33","5450","2009","08","32","Wednesday"
"SAV","2009-08-06","7.08","7.33","7","7","34970","2009","08","32","Thursday"
"SAV","2009-08-07","7","7.03","6.66","6.66","21490","2009","08","32","Friday"
"SAV","2009-08-10","6.98","6.98","6.98","6.98","13000","2009","08","33","Monday"
"SAV","2009-08-11","7.15","7.15","6.93","7.03","3450","2009","08","33","Tuesday"
"SAV","2009-08-12","7.03","7.03","6.88","7.03","6990","2009","08","33","Wednesday"
"SAV","2009-08-13","7.03","7.03","6.81","6.86","37250","2009","08","33","Thursday"
"SAV","2009-08-14","6.86","6.86","6.78","6.83","15580","2009","08","33","Friday"
"SAV","2009-08-17","6.66","7.15","6.54","7.13","56640","2009","08","34","Monday"
"SAV","2009-08-18","6.98","7.13","6.98","7.08","15110","2009","08","34","Tuesday"
"SAV","2009-08-19","6.91","7.08","6.91","7.08","35250","2009","08","34","Wednesday"
"SAV","2009-08-20","7.08","7.1","6.81","7.08","38820","2009","08","34","Thursday"
"SAV","2009-08-21","7.08","7.28","7.08","7.28","125830","2009","08","34","Friday"
"SAV","2009-08-24","7.42","7.52","7.35","7.35","51470","2009","08","35","Monday"
"SAV","2009-08-25","7.35","7.4","7","7.35","42550","2009","08","35","Tuesday"
"SAV","2009-08-26","7.35","7.64","7.28","7.4","14880","2009","08","35","Wednesday"
"SAV","2009-08-27","7.1","7.4","7.1","7.4","37110","2009","08","35","Thursday"
"SAV","2009-08-28","7.52","7.64","7.42","7.64","72190","2009","08","35","Friday"
"SAV","2009-08-31","7.84","7.89","7.7","7.7","36660","2009","08","36","Monday"
"SAV","2009-09-01","7.52","7.89","7.52","7.64","51640","2009","09","36","Tuesday"
"SAV","2009-09-03","7.52","7.64","7.52","7.64","27110","2009","09","36","Thursday"
"SAV","2009-09-04","7.64","7.64","7.28","7.35","27030","2009","09","36","Friday"
"SAV","2009-09-07","7.45","7.52","7.18","7.52","12100","2009","09","37","Monday"
"SAV","2009-09-08","7.52","7.77","7.35","7.64","37260","2009","09","37","Tuesday"
"SAV","2009-09-09","7.77","7.77","7.52","7.52","9090","2009","09","37","Wednesday"
"SAV","2009-09-10","7.77","7.77","7.52","7.72","14290","2009","09","37","Thursday"
"SAV","2009-09-11","7.6","8.09","7.6","8.09","68890","2009","09","37","Friday"
"SAV","2009-09-14","8.48","8.48","8.44","8.48","32630","2009","09","38","Monday"
"SAV","2009-09-15","8.9","8.9","8.53","8.88","58000","2009","09","38","Tuesday"
"SAV","2009-09-16","17.26","8.88","8.44","8.48","50010","2009","09","38","Wednesday"
"SAV","2009-09-17","8.44","8.76","8.16","8.19","23130","2009","09","38","Thursday"
"SAV","2009-09-18","8.19","8.58","8.19","8.58","22520","2009","09","38","Friday"
"SAV","2009-09-21","9","9","9","9","58450","2009","09","39","Monday"
"SAV","2009-09-22","9.45","9.45","9.45","9.45","83430","2009","09","39","Tuesday"
"SAV","2009-09-23","9.91","9.91","9.49","9.87","254760","2009","09","39","Wednesday"
"SAV","2009-09-24","10.11","10.11","9.62","9.77","133430","2009","09","39","Thursday"
"SAV","2009-09-25","9.87","9.99","9.77","9.84","59880","2009","09","39","Friday"
"SAV","2009-09-28","10.28","10.28","9.87","9.99","33630","2009","09","40","Monday"
"SAV","2009-09-29","9.52","9.87","9.49","9.49","97410","2009","09","40","Tuesday"
"SAV","2009-09-30","9.13","9.49","9.13","9.18","10690","2009","09","40","Wednesday"
"SAV","2009-10-01","9.47","9.47","8.85","8.88","38760","2009","10","40","Thursday"
"SAV","2009-10-02","8.46","9.13","8.46","9.13","36260","2009","10","40","Friday"
"SAV","2009-10-05","9.49","9.49","8.88","9.47","19180","2009","10","41","Monday"
"SAV","2009-10-06","9.15","9.37","9.13","9.15","15150","2009","10","41","Tuesday"
"SAV","2009-10-07","8.9","9.59","8.9","9.13","71480","2009","10","41","Wednesday"
"SAV","2009-10-08","9.13","9.42","9.13","9.42","42070","2009","10","41","Thursday"
"SAV","2009-10-09","9.42","9.72","9.42","9.62","37530","2009","10","41","Friday"
"SAV","2009-10-12","9.62","10.09","9.62","10.09","88430","2009","10","42","Monday"
"SAV","2009-10-13","10.58","10.58","10.21","10.58","134580","2009","10","42","Tuesday"
"SAV","2009-10-14","11.1","11.1","11.07","11.1","171180","2009","10","42","Wednesday"
"SAV","2009-10-15","11.64","11.64","11.59","11.64","134090","2009","10","42","Thursday"
"SAV","2009-10-16","11.1","12.06","11.1","11.2","89100","2009","10","42","Friday"
"SAV","2009-10-19","10.88","11.59","10.88","11.59","68890","2009","10","43","Monday"
"SAV","2009-10-20","11.84","12.16","11.59","12.16","101830","2009","10","43","Tuesday"
"SAV","2009-10-21","12.46","12.7","12.33","12.7","86200","2009","10","43","Wednesday"
"SAV","2009-10-22","12.82","13.32","12.7","13.32","128770","2009","10","43","Thursday"
"SAV","2009-10-23","13.32","13.94","12.7","12.7","95030","2009","10","43","Friday"
"SAV","2009-10-26","13.07","13.07","12.21","12.82","18170","2009","10","44","Monday"
"SAV","2009-10-27","12.82","13.07","12.23","12.82","98560","2009","10","44","Tuesday"
"SAV","2009-10-28","13.07","13.07","12.33","12.33","37060","2009","10","44","Wednesday"
"SAV","2009-10-29","11.71","11.71","11.71","11.71","13290","2009","10","44","Thursday"
"SAV","2009-10-30","12.06","12.06","11.37","12.06","59930","2009","10","44","Friday"
"SAV","2009-11-02","11.47","11.47","11.47","11.47","3620","2009","11","45","Monday"
"SAV","2009-11-03","10.9","11.47","10.9","10.9","24090","2009","11","45","Tuesday"
"SAV","2009-11-04","11.07","11.07","10.36","10.36","74930","2009","11","45","Wednesday"
"SAV","2009-11-05","9.89","10.8","9.89","10.8","6100","2009","11","45","Thursday"
"SAV","2009-11-06","11.05","11.07","10.48","10.61","64880","2009","11","45","Friday"
"SAV","2009-11-09","10.23","10.23","10.09","10.09","13700","2009","11","46","Monday"
"SAV","2009-11-10","9.59","10.33","9.59","9.59","42260","2009","11","46","Tuesday"
"SAV","2009-11-11","9.59","10.06","9.37","10.06","13260","2009","11","46","Wednesday"
"SAV","2009-11-12","10.53","10.56","9.87","10.56","11250","2009","11","46","Thursday"
"SAV","2009-11-13","10.8","10.97","10.36","10.97","15630","2009","11","46","Friday"
"SAV","2009-11-16","11.32","11.32","10.43","10.43","22110","2009","11","47","Monday"
"SAV","2009-11-17","9.99","10.43","9.99","10.41","8230","2009","11","47","Tuesday"
"SAV","2009-11-18","10.48","10.48","10.36","10.46","12710","2009","11","47","Wednesday"
"SAV","2009-11-19","10.8","10.8","10.48","10.73","36790","2009","11","47","Thursday"
"SAV","2009-11-20","10.85","10.85","10.61","10.73","9940","2009","11","47","Friday"
"SAV","2009-11-23","10.36","10.85","10.36","10.85","10880","2009","11","48","Monday"
"SAV","2009-11-24","10.36","10.38","10.31","10.31","10770","2009","11","48","Tuesday"
"SAV","2009-11-25","9.82","10.33","9.82","9.82","7290","2009","11","48","Wednesday"
"SAV","2009-11-26","9.35","9.35","9.35","9.35","2370","2009","11","48","Thursday"
"SAV","2009-11-27","8.9","9.79","8.9","9.62","21640","2009","11","48","Friday"
"SAV","2009-11-30","9.27","9.87","9.27","9.87","8310","2009","11","49","Monday"
"SAV","2009-12-01","10.09","10.11","9.49","10.09","36960","2009","12","49","Tuesday"
"SAV","2009-12-02","9.87","9.87","9.59","9.59","13210","2009","12","49","Wednesday"
"SAV","2009-12-03","9.13","9.62","9.13","9.13","17210","2009","12","49","Thursday"
"SAV","2009-12-04","9.54","9.54","9.37","9.37","2860","2009","12","49","Friday"
"SAV","2009-12-07","9.57","9.57","9.37","9.37","860","2009","12","50","Monday"
"SAV","2009-12-08","9.49","9.49","9.13","9.37","5490","2009","12","50","Tuesday"
"SAV","2009-12-09","8.9","8.95","8.9","8.95","22200","2009","12","50","Wednesday"
"SAV","2009-12-10","8.51","9.4","8.51","9.4","15060","2009","12","50","Thursday"
"SAV","2009-12-11","9.59","9.59","8.93","9.42","17990","2009","12","50","Friday"
"SAV","2009-12-14","8.95","9.74","8.95","9.62","22760","2009","12","51","Monday"
"SAV","2009-12-15","9.24","9.94","9.24","9.74","9340","2009","12","51","Tuesday"
"SAV","2009-12-16","9.29","9.69","9.27","9.69","14150","2009","12","51","Wednesday"
"SAV","2009-12-17","9.74","9.74","9.74","9.74","8030","2009","12","51","Thursday"
"SAV","2009-12-18","9.74","10.12","9.37","10.12","17170","2009","12","51","Friday"
"SAV","2009-12-21","10.24","10.49","10.12","10.49","7250","2009","12","52","Monday"
"SAV","2009-12-22","10.49","10.49","9.97","10.24","10910","2009","12","52","Tuesday"
"SAV","2009-12-23","10.24","10.24","9.74","10.24","11280","2009","12","52","Wednesday"
"SAV","2009-12-24","9.79","10.62","9.79","10.62","17580","2009","12","52","Thursday"
"SAV","2009-12-25","10.99","10.99","10.49","10.49","12830","2009","12","52","Friday"
"SAV","2009-12-28","10.49","10.49","10.39","10.49","6550","2009","12","53","Monday"
"SAV","2009-12-29","10.74","10.74","9.99","9.99","7940","2009","12","53","Tuesday"
"SAV","2009-12-30","10.19","10.19","10.14","10.19","7810","2009","12","53","Wednesday"
"SAV","2009-12-31","10.19","10.22","9.87","10.22","33320","2009","12","53","Thursday"
"SAV","2010-01-04","10.59","10.72","10.59","10.72","3590","2010","01","2","Monday"
"SAV","2010-01-05","10.99","10.99","10.72","10.87","3680","2010","01","2","Tuesday"
"SAV","2010-01-06","10.99","10.99","10.37","10.37","3120","2010","01","2","Wednesday"
"SAV","2010-01-07","10.24","10.37","10.24","10.37","290","2010","01","2","Thursday"
"SAV","2010-01-08","10.37","10.37","9.89","9.89","5130","2010","01","2","Friday"
"SAV","2010-01-11","10.22","10.22","9.99","10.19","620","2010","01","3","Monday"
"SAV","2010-01-12","10.49","10.49","9.74","9.74","1660","2010","01","3","Tuesday"
"SAV","2010-01-13","9.49","10.19","9.49","9.49","2500","2010","01","3","Wednesday"
"SAV","2010-01-14","9.97","9.97","9.97","9.97","2050","2010","01","3","Thursday"
"SAV","2010-01-15","9.99","9.99","9.52","9.52","1010","2010","01","3","Friday"
"SAV","2010-01-18","9.74","9.74","9.74","9.74","50","2010","01","4","Monday"
"SAV","2010-01-19","9.74","9.74","9.74","9.74","10650","2010","01","4","Tuesday"
"SAV","2010-01-20","9.29","9.72","9.29","9.29","2410","2010","01","4","Wednesday"
"SAV","2010-01-21","8.87","9.47","8.84","8.84","1950","2010","01","4","Thursday"
"SAV","2010-01-22","9.22","9.22","9.17","9.22","510","2010","01","4","Friday"
"SAV","2010-01-25","8.79","9.62","8.79","9.62","30","2010","01","5","Monday"
"SAV","2010-01-26","9.72","9.72","9.72","9.72","4130","2010","01","5","Tuesday"
"SAV","2010-01-27","10.12","10.12","9.24","9.99","1860","2010","01","5","Wednesday"
"SAV","2010-01-28","9.49","9.74","9.49","9.74","3770","2010","01","5","Thursday"
"SAV","2010-01-29","9.72","9.87","9.72","9.87","250","2010","01","5","Friday"
"SAV","2010-02-01","10.17","10.17","9.42","9.42","1010","2010","02","6","Monday"
"SAV","2010-02-02","9.74","9.74","9.74","9.74","10","2010","02","6","Tuesday"
"SAV","2010-02-03","9.99","9.99","9.27","9.97","30","2010","02","6","Wednesday"
"SAV","2010-02-04","9.69","9.72","9.69","9.72","60","2010","02","6","Thursday"
"SAV","2010-02-05","9.74","9.74","9.49","9.49","2080","2010","02","6","Friday"
"SAV","2010-02-08","9.02","9.62","9.02","9.59","2500","2010","02","7","Monday"
"SAV","2010-02-10","9.72","9.72","9.72","9.72","10","2010","02","7","Wednesday"
"SAV","2010-02-11","9.62","9.62","9.62","9.62","2100","2010","02","7","Thursday"
"SAV","2010-02-12","9.82","9.99","9.82","9.99","4010","2010","02","7","Friday"
"SAV","2010-02-22","9.49","9.99","9.49","9.99","70","2010","02","9","Monday"
"SAV","2010-02-23","9.49","10.02","9.49","10.02","1200","2010","02","9","Tuesday"
"SAV","2010-02-24","9.99","9.99","9.99","9.99","200","2010","02","9","Wednesday"
"SAV","2010-02-25","9.49","9.74","9.49","9.49","1920","2010","02","9","Thursday"
"SAV","2010-02-26","9.87","9.87","9.87","9.87","10","2010","02","9","Friday"
"SAV","2010-03-01","9.99","9.99","9.87","9.99","1210","2010","03","10","Monday"
"SAV","2010-03-02","9.97","10.07","9.74","9.74","680","2010","03","10","Tuesday"
"SAV","2010-03-03","9.74","9.99","9.74","9.99","960","2010","03","10","Wednesday"
"SAV","2010-03-04","9.99","9.99","9.49","9.74","530","2010","03","10","Thursday"
"SAV","2010-03-05","9.94","9.97","9.94","9.97","4030","2010","03","10","Friday"
"SAV","2010-03-08","9.49","10.12","9.49","10.12","5720","2010","03","11","Monday"
"SAV","2010-03-09","10.12","10.22","9.99","9.99","1080","2010","03","11","Tuesday"
"SAV","2010-03-10","9.99","9.99","9.49","9.49","230","2010","03","11","Wednesday"
"SAV","2010-03-11","9.87","9.94","9.74","9.74","2930","2010","03","11","Thursday"
"SAV","2010-03-12","9.84","9.99","9.49","9.49","920","2010","03","11","Friday"
"SAV","2010-03-15","9.72","9.72","9.02","9.72","4240","2010","03","12","Monday"
"SAV","2010-03-16","9.32","9.82","9.32","9.82","270","2010","03","12","Tuesday"
"SAV","2010-03-17","9.34","9.84","9.34","9.34","440","2010","03","12","Wednesday"
"SAV","2010-03-18","9.69","9.69","9.69","9.69","500","2010","03","12","Thursday"
"SAV","2010-03-19","9.24","9.87","9.24","9.24","780","2010","03","12","Friday"
"SAV","2010-03-22","9.69","9.69","8.89","8.89","4540","2010","03","13","Monday"
"SAV","2010-03-23","8.99","9.12","8.99","8.99","7500","2010","03","13","Tuesday"
"SAV","2010-03-24","8.99","9.42","8.54","9.37","42080","2010","03","13","Wednesday"
"SAV","2010-03-25","9.57","9.57","8.92","9.34","2920","2010","03","13","Thursday"
"SAV","2010-03-26","9.49","9.49","9.49","9.49","330","2010","03","13","Friday"
"SAV","2010-03-29","9.49","9.49","9.49","9.49","4100","2010","03","14","Monday"
"SAV","2010-03-30","9.07","9.24","9.02","9.24","7790","2010","03","14","Tuesday"
"SAV","2010-03-31","9.24","9.24","9.24","9.24","3010","2010","03","14","Wednesday"
"SAV","2010-04-01","8.79","9.24","8.79","9.19","3090","2010","04","14","Thursday"
"SAV","2010-04-02","8.77","8.87","8.74","8.87","9900","2010","04","14","Friday"
"SAV","2010-04-05","8.57","8.99","8.57","8.99","1260","2010","04","15","Monday"
"SAV","2010-04-06","8.99","8.99","8.99","8.99","2010","2010","04","15","Tuesday"
"SAV","2010-04-07","8.62","8.62","8.62","8.62","860","2010","04","15","Wednesday"
"SAV","2010-04-08","8.62","8.99","8.19","8.62","11970","2010","04","15","Thursday"
"SAV","2010-04-09","8.62","8.97","8.62","8.62","12200","2010","04","15","Friday"
"SAV","2010-04-12","8.87","8.87","8.62","8.87","2060","2010","04","16","Monday"
"SAV","2010-04-13","9.12","9.12","8.99","8.99","3330","2010","04","16","Tuesday"
"SAV","2010-04-15","9.19","9.19","8.62","8.62","60","2010","04","16","Thursday"
"SAV","2010-04-16","8.99","8.99","8.37","8.37","2220","2010","04","16","Friday"
"SAV","2010-04-19","8.37","8.49","8.37","8.37","2960","2010","04","17","Monday"
"SAV","2010-04-20","8.37","8.37","7.99","8.24","7510","2010","04","17","Tuesday"
"SAV","2010-04-21","8.24","8.62","7.99","8.62","9030","2010","04","17","Wednesday"
"SAV","2010-04-22","8.49","8.49","8.19","8.19","18540","2010","04","17","Thursday"
"SAV","2010-04-26","8.29","8.29","7.79","8.29","72740","2010","04","18","Monday"
"SAV","2010-04-27","8.19","8.19","7.89","8.07","43310","2010","04","18","Tuesday"
"SAV","2010-04-28","8.24","8.34","8.07","8.32","27340","2010","04","18","Wednesday"
"SAV","2010-04-29","8.24","8.72","8.24","8.72","70850","2010","04","18","Thursday"
"SAV","2010-05-04","9.14","9.14","9.14","9.14","105740","2010","05","19","Tuesday"
"SAV","2010-05-05","9.14","9.24","8.69","9.24","24040","2010","05","19","Wednesday"
"SAV","2010-05-06","8.82","9.12","8.79","8.79","25360","2010","05","19","Thursday"
"SAV","2010-05-07","8.37","8.49","8.37","8.49","55750","2010","05","19","Friday"
"SAV","2010-05-10","8.74","8.74","8.07","8.07","16610","2010","05","20","Monday"
"SAV","2010-05-11","8.42","8.42","8.14","8.14","9560","2010","05","20","Tuesday"
"SAV","2010-05-12","8.09","8.12","7.82","7.82","16310","2010","05","20","Wednesday"
"SAV","2010-05-13","7.77","8.09","7.77","7.99","2120","2010","05","20","Thursday"
"SAV","2010-05-14","7.79","7.99","7.79","7.99","360","2010","05","20","Friday"
"SAV","2010-05-17","8.22","8.22","7.59","8.12","4190","2010","05","21","Monday"
"SAV","2010-05-18","7.87","7.99","7.72","7.99","2340","2010","05","21","Tuesday"
"SAV","2010-05-19","7.59","7.64","7.59","7.59","27400","2010","05","21","Wednesday"
"SAV","2010-05-20","7.25","7.72","7.25","7.67","8820","2010","05","21","Thursday"
"SAV","2010-05-21","7.29","7.75","7.29","7.29","11110","2010","05","21","Friday"
"SAV","2010-05-24","7.17","7.59","7.04","7.59","3980","2010","05","22","Monday"
"SAV","2010-05-25","7.87","7.87","7.87","7.87","5020","2010","05","22","Tuesday"
"SAV","2010-05-26","7.57","7.99","7.57","7.99","17310","2010","05","22","Wednesday"
"SAV","2010-05-27","7.79","7.99","7.79","7.99","4590","2010","05","22","Thursday"
"SAV","2010-05-28","8.37","8.37","8.34","8.34","10040","2010","05","22","Friday"
"SAV","2010-05-31","8.59","8.59","7.94","8.49","10220","2010","05","23","Monday"
"SAV","2010-06-01","8.24","8.24","8.22","8.24","9000","2010","06","23","Tuesday"
"SAV","2010-06-02","7.87","8.24","7.87","8.24","9360","2010","06","23","Wednesday"
"SAV","2010-06-03","8.24","8.47","8.22","8.24","1950","2010","06","23","Thursday"
"SAV","2010-06-04","8.37","8.37","7.99","7.99","1200","2010","06","23","Friday"
"SAV","2010-06-07","7.64","8.24","7.62","8.24","11230","2010","06","24","Monday"
"SAV","2010-06-08","7.87","8.19","7.87","8.19","2310","2010","06","24","Tuesday"
"SAV","2010-06-09","8.24","8.34","8.19","8.24","5030","2010","06","24","Wednesday"
"SAV","2010-06-10","7.99","8.24","7.99","7.99","1490","2010","06","24","Thursday"
"SAV","2010-06-11","8.24","8.24","8.24","7.87","20","2010","06","24","Friday"
"SAV","2010-06-14","7.67","8.09","7.67","7.99","920","2010","06","25","Monday"
"SAV","2010-06-15","7.99","7.99","7.62","7.7","6440","2010","06","25","Tuesday"
"SAV","2010-06-16","7.99","7.99","7.99","7.99","20","2010","06","25","Wednesday"
"SAV","2010-06-17","7.7","7.99","7.7","7.75","3520","2010","06","25","Thursday"
"SAV","2010-06-18","7.99","7.99","7.45","7.45","10010","2010","06","25","Friday"
"SAV","2010-06-21","7.79","7.79","7.75","7.79","7820","2010","06","26","Monday"
"SAV","2010-06-22","8.14","8.17","8.09","8.17","107730","2010","06","26","Tuesday"
"SAV","2010-06-23","8.49","8.57","8.49","8.57","116500","2010","06","26","Wednesday"
"SAV","2010-06-24","8.99","8.99","8.57","8.59","96560","2010","06","26","Thursday"
"SAV","2010-06-25","8.49","8.49","8.17","8.22","43000","2010","06","26","Friday"
"SAV","2010-06-28","8.14","8.14","7.84","7.89","15920","2010","06","27","Monday"
"SAV","2010-06-29","7.62","8.07","7.54","7.67","50450","2010","06","27","Tuesday"
"SAV","2010-06-30","7.92","7.92","7.5","7.92","20610","2010","06","27","Wednesday"
"SAV","2010-07-01","7.99","7.99","7.57","7.57","21990","2010","07","27","Thursday"
"SAV","2010-07-02","7.84","7.84","7.57","7.57","10020","2010","07","27","Friday"
"SAV","2010-07-05","7.47","7.64","7.39","7.64","10350","2010","07","28","Monday"
"SAV","2010-07-06","7.54","7.64","7.5","7.5","2890","2010","07","28","Tuesday"
"SAV","2010-07-07","7.79","7.79","7.39","7.45","1600","2010","07","28","Wednesday"
"SAV","2010-07-08","7.62","7.62","7.45","7.62","12330","2010","07","28","Thursday"
"SAV","2010-07-09","7.62","7.62","7.62","7.62","20","2010","07","28","Friday"
"SAV","2010-07-12","7.75","7.75","7.27","7.59","10030","2010","07","29","Monday"
"SAV","2010-07-13","7.75","7.75","7.37","7.75","2530","2010","07","29","Tuesday"
"SAV","2010-07-14","7.52","7.79","7.52","7.52","5150","2010","07","29","Wednesday"
"SAV","2010-07-15","7.52","7.72","7.37","7.5","1740","2010","07","29","Thursday"
"SAV","2010-07-16","7.5","7.62","7.37","7.37","1300","2010","07","29","Friday"
"SAV","2010-07-19","7.29","7.5","7.29","7.5","7540","2010","07","30","Monday"
"SAV","2010-07-20","7.5","7.5","7.27","7.27","5020","2010","07","30","Tuesday"
"SAV","2010-07-21","7.27","7.5","7.27","7.27","10540","2010","07","30","Wednesday"
"SAV","2010-07-22","7.27","7.47","7.27","7.27","11920","2010","07","30","Thursday"
"SAV","2010-07-23","7.45","7.62","7.14","7.45","2590","2010","07","30","Friday"
"SAV","2010-07-26","7.62","7.62","7.27","7.27","2460","2010","07","31","Monday"
"SAV","2010-07-27","7.25","7.39","7.14","7.14","9580","2010","07","31","Tuesday"
"SAV","2010-07-28","7.09","7.12","6.89","6.89","14150","2010","07","31","Wednesday"
"SAV","2010-07-29","7","7.22","6.97","7.22","7680","2010","07","31","Thursday"
"SAV","2010-07-30","7.25","7.25","6.87","7.25","20140","2010","07","31","Friday"
"SAV","2010-08-02","7.47","7.47","7.45","7.45","220","2010","08","32","Monday"
"SAV","2010-08-03","7.12","7.12","7.12","7.12","1650","2010","08","32","Tuesday"
"SAV","2010-08-04","6.89","7.17","6.87","7.17","1240","2010","08","32","Wednesday"
"SAV","2010-08-05","7.17","7.17","7.17","7.17","13000","2010","08","32","Thursday"
"SAV","2010-08-06","7","7.17","7","7.17","5620","2010","08","32","Friday"
"SAV","2010-08-09","6.87","7.12","6.84","7.12","21910","2010","08","33","Monday"
"SAV","2010-08-10","6.77","6.77","6.77","6.77","9180","2010","08","33","Tuesday"
"SAV","2010-08-11","6.87","6.87","6.87","6.87","3650","2010","08","33","Wednesday"
"SAV","2010-08-12","6.87","6.87","6.54","6.54","8160","2010","08","33","Thursday"
"SAV","2010-08-13","6.25","6.25","6.25","6.25","13150","2010","08","33","Friday"
"SAV","2010-08-16","6.25","6.54","6.25","6.54","6490","2010","08","34","Monday"
"SAV","2010-08-17","6.75","6.75","6.75","6.75","20","2010","08","34","Tuesday"
"SAV","2010-08-18","6.45","6.75","6.42","6.75","16320","2010","08","34","Wednesday"
"SAV","2010-08-19","6.45","6.45","6.45","6.45","200","2010","08","34","Thursday"
"SAV","2010-08-20","6.45","6.62","6.45","6.5","70","2010","08","34","Friday"
"SAV","2010-08-23","6.2","6.45","6.2","6.45","130","2010","08","35","Monday"
"SAV","2010-08-24","6.17","6.17","6.15","6.15","8340","2010","08","35","Tuesday"
"SAV","2010-08-25","5.85","5.85","5.85","5.85","12470","2010","08","35","Wednesday"
"SAV","2010-08-26","5.57","5.97","5.57","5.97","2720","2010","08","35","Thursday"
"SAV","2010-08-27","5.87","5.97","5.7","5.87","19660","2010","08","35","Friday"
"SAV","2010-08-30","5.75","6.15","5.75","6.15","11540","2010","08","36","Monday"
"SAV","2010-08-31","6.45","6.45","6.25","6.45","15020","2010","08","36","Tuesday"
"SAV","2010-09-01","6.37","6.47","6.37","6.45","1110","2010","09","36","Wednesday"
"SAV","2010-09-06","6.7","6.72","6.7","6.7","1140","2010","09","37","Monday"
"SAV","2010-09-07","6.7","6.7","6.45","6.45","4940","2010","09","37","Tuesday"
"SAV","2010-09-08","6.25","6.42","6.2","6.42","3710","2010","09","37","Wednesday"
"SAV","2010-09-09","6.59","6.59","6.59","6.59","1030","2010","09","37","Thursday"
"SAV","2010-09-10","6.59","6.59","6.3","6.3","7240","2010","09","37","Friday"
"SAV","2010-09-13","6.45","6.45","6","6.42","550","2010","09","38","Monday"
"SAV","2010-09-14","6.37","6.42","6.37","6.42","8130","2010","09","38","Tuesday"
"SAV","2010-09-16","6.45","6.45","6.45","6.45","5250","2010","09","38","Thursday"
"SAV","2010-09-17","6.45","6.45","6.45","6.45","750","2010","09","38","Friday"
"SAV","2010-09-20","6.62","6.62","6.62","6.62","1010","2010","09","39","Monday"
"SAV","2010-09-21","6.75","6.75","6.42","6.62","16890","2010","09","39","Tuesday"
"SAV","2010-09-22","6.62","6.75","6.5","6.75","12820","2010","09","39","Wednesday"
"SAV","2010-09-23","6.52","6.95","6.52","6.95","15500","2010","09","39","Thursday"
"SAV","2010-09-24","6.75","7.12","6.7","7.12","11690","2010","09","39","Friday"
"SAV","2010-09-27","7.27","7.27","7.25","7.25","10300","2010","09","40","Monday"
"SAV","2010-09-28","7.5","7.5","7.45","7.45","8050","2010","09","40","Tuesday"
"SAV","2010-09-29","7.5","7.5","7.5","7.5","10450","2010","09","40","Wednesday"
"SAV","2010-09-30","7.12","7.62","7.12","7.62","20030","2010","09","40","Thursday"
"SAV","2010-10-01","7.5","7.5","7.25","7.25","15580","2010","10","40","Friday"
"SAV","2010-10-04","6.89","6.89","6.89","6.89","70","2010","10","41","Monday"
"SAV","2010-10-05","6.75","7.17","6.75","7.17","110","2010","10","41","Tuesday"
"SAV","2010-10-06","6.82","7.5","6.82","7.37","530","2010","10","41","Wednesday"
"SAV","2010-10-07","7.02","7.22","7.02","7.22","130","2010","10","41","Thursday"
"SAV","2010-10-08","6.87","7.17","6.87","7.12","270","2010","10","41","Friday"
"SAV","2010-10-11","6.77","7.2","6.77","7.12","3370","2010","10","42","Monday"
"SAV","2010-10-12","7.39","7.45","7.07","7.22","4380","2010","10","42","Tuesday"
"SAV","2010-10-13","7.22","7.37","6.87","7.37","2090","2010","10","42","Wednesday"
"SAV","2010-10-14","7.59","7.59","7.45","7.47","15030","2010","10","42","Thursday"
"SAV","2010-10-15","7.47","7.47","7.12","7.32","4710","2010","10","42","Friday"
"SAV","2010-10-18","7.32","7.47","7.32","7.32","2290","2010","10","43","Monday"
"SAV","2010-10-19","7.47","7.47","7.17","7.42","3500","2010","10","43","Tuesday"
"SAV","2010-10-20","7.5","7.5","7.07","7.07","57710","2010","10","43","Wednesday"
"SAV","2010-10-21","7.25","7.25","7.25","7.25","1020","2010","10","43","Thursday"
"SAV","2010-10-22","6.92","6.92","6.89","6.92","24840","2010","10","43","Friday"
"SAV","2010-10-25","6.59","7.25","6.59","7.25","3850","2010","10","44","Monday"
"SAV","2010-10-26","7.42","7.42","7.02","7.42","7000","2010","10","44","Tuesday"
"SAV","2010-10-27","7.14","7.59","7.09","7.59","44000","2010","10","44","Wednesday"
"SAV","2010-10-28","7.22","7.52","7.22","7.52","56200","2010","10","44","Thursday"
"SAV","2010-10-29","7.75","7.75","7.75","7.75","15000","2010","10","44","Friday"
"SAV","2010-11-01","7.39","7.5","7.37","7.37","14260","2010","11","45","Monday"
"SAV","2010-11-02","7.02","7.59","7.02","7.59","10440","2010","11","45","Tuesday"
"SAV","2010-11-03","7.22","7.67","7.22","7.67","10450","2010","11","45","Wednesday"
"SAV","2010-11-04","7.67","7.79","7.67","7.79","10050","2010","11","45","Thursday"
"SAV","2010-11-05","7.42","7.84","7.42","7.84","48400","2010","11","45","Friday"
"SAV","2010-11-08","7.89","7.89","7.47","7.72","11040","2010","11","46","Monday"
"SAV","2010-11-09","7.34","7.34","7.34","7.34","22460","2010","11","46","Tuesday"
"SAV","2010-11-10","7.47","7.47","7.47","7.47","1000","2010","11","46","Wednesday"
"SAV","2010-11-12","7.12","7.12","7.12","7.12","32640","2010","11","46","Friday"
"SAV","2010-11-15","6.77","7.45","6.77","7.45","50600","2010","11","47","Monday"
"SAV","2010-11-17","7.09","7.25","7.09","7.25","6570","2010","11","47","Wednesday"
"SAV","2010-11-18","7.45","7.45","7.45","7.45","1000","2010","11","47","Thursday"
"SAV","2010-11-19","7.59","7.59","7.59","7.59","2010","2010","11","47","Friday"
"SAV","2010-11-22","7.22","7.45","7.22","7.22","39460","2010","11","48","Monday"
"SAV","2010-11-23","7.32","7.32","7.32","7.32","500","2010","11","48","Tuesday"
"SAV","2010-11-24","7.45","7.45","7.45","7.45","110","2010","11","48","Wednesday"
"SAV","2010-11-25","7.5","7.5","7.5","7.5","520","2010","11","48","Thursday"
"SAV","2010-11-26","7.5","7.5","7.5","7.5","2000","2010","11","48","Friday"
"SAV","2010-11-29","7.12","7.5","7.12","7.5","2100","2010","11","49","Monday"
"SAV","2010-11-30","7.5","7.5","7.5","7.5","4000","2010","11","49","Tuesday"
"SAV","2010-12-01","7.62","7.62","7.62","7.62","3000","2010","12","49","Wednesday"
"SAV","2010-12-02","7.25","7.62","7.25","7.62","5010","2010","12","49","Thursday"
"SAV","2010-12-03","7.62","7.75","7.54","7.75","6430","2010","12","49","Friday"
"SAV","2010-12-06","7.64","7.75","7.64","7.75","1700","2010","12","50","Monday"
"SAV","2010-12-07","7.37","7.87","7.37","7.87","1550","2010","12","50","Tuesday"
"SAV","2010-12-08","7.52","7.75","7.52","7.75","2050","2010","12","50","Wednesday"
"SAV","2010-12-09","7.87","7.87","7.84","7.84","2020","2010","12","50","Thursday"
"SAV","2010-12-10","7.47","7.94","7.47","7.94","5100","2010","12","50","Friday"
"SAV","2010-12-13","7.87","7.99","7.87","7.99","2390","2010","12","51","Monday"
"SAV","2010-12-14","7.59","7.87","7.59","7.75","7010","2010","12","51","Tuesday"
"SAV","2010-12-15","7.84","7.84","7.84","7.84","30","2010","12","51","Wednesday"
"SAV","2010-12-16","7.47","7.47","7.47","7.47","3200","2010","12","51","Thursday"
"SAV","2010-12-17","7.54","7.54","7.54","7.54","5890","2010","12","51","Friday"
"SAV","2010-12-20","7.54","7.87","7.54","7.87","1050","2010","12","52","Monday"
"SAV","2010-12-21","7.5","7.99","7.5","7.99","13610","2010","12","52","Tuesday"
"SAV","2010-12-22","7.99","8.19","7.59","8.12","15500","2010","12","52","Wednesday"
"SAV","2010-12-23","8.24","8.24","8.24","8.24","7990","2010","12","52","Thursday"
"SAV","2010-12-24","7.99","8.37","7.99","8.37","6020","2010","12","52","Friday"
"SAV","2010-12-27","8.37","8.49","8.37","8.49","8700","2010","12","53","Monday"
"SAV","2010-12-28","8.52","8.52","8.52","8.52","6020","2010","12","53","Tuesday"
"SAV","2010-12-29","8.09","8.74","8.09","8.74","15100","2010","12","53","Wednesday"
"SAV","2010-12-30","8.84","8.84","8.84","8.84","29000","2010","12","53","Thursday"
"SAV","2010-12-31","8.42","8.89","8.42","8.89","25200","2010","12","53","Friday"
"SAV","2011-01-04","8.62","8.62","8.62","8.62","2040","2011","01","1","Tuesday"
"SAV","2011-01-05","8.24","8.49","8.24","8.49","410","2011","01","1","Wednesday"
"SAV","2011-01-06","8.49","8.49","8.49","8.49","10","2011","01","1","Thursday"
"SAV","2011-01-07","8.24","8.29","8.24","8.29","2030","2011","01","1","Friday"
"SAV","2011-01-10","7.89","8.19","7.89","8.19","6600","2011","01","2","Monday"
"SAV","2011-01-11","7.79","7.99","7.79","7.99","2490","2011","01","2","Tuesday"
"SAV","2011-01-12","7.94","7.94","7.94","7.94","500","2011","01","2","Wednesday"
"SAV","2011-01-13","7.75","7.94","7.57","7.94","4050","2011","01","2","Thursday"
"SAV","2011-01-14","7.87","7.87","7.87","7.87","500","2011","01","2","Friday"
"SAV","2011-01-17","8.19","8.19","8.19","8.19","1020","2011","01","3","Monday"
"SAV","2011-01-18","7.99","7.99","7.99","7.99","1000","2011","01","3","Tuesday"
"SAV","2011-01-19","7.99","7.99","7.99","7.99","3200","2011","01","3","Wednesday"
"SAV","2011-01-24","8.12","8.12","8.12","8.12","130","2011","01","4","Monday"
"SAV","2011-01-25","8.24","8.24","8.24","8.24","3100","2011","01","4","Tuesday"
"SAV","2011-01-27","8.24","8.24","8.24","8.24","2000","2011","01","4","Thursday"
"SAV","2011-01-28","8.49","8.49","8.49","8.49","6100","2011","01","4","Friday"
"SAV","2011-02-08","8.72","8.72","8.72","8.72","1000","2011","02","6","Tuesday"
"SAV","2011-02-09","8.72","8.72","8.72","8.72","2000","2011","02","6","Wednesday"
"SAV","2011-02-14","8.87","8.87","8.29","8.29","120","2011","02","7","Monday"
"SAV","2011-02-15","8.12","8.12","8.12","8.12","2000","2011","02","7","Tuesday"
"SAV","2011-02-16","8.12","8.12","8.12","8.12","1200","2011","02","7","Wednesday"
"SAV","2011-02-17","7.72","8.24","7.72","8.24","3520","2011","02","7","Thursday"
"SAV","2011-02-18","8.49","8.49","8.49","8.49","20","2011","02","7","Friday"
"SAV","2011-02-21","8.12","8.12","8.12","8.12","10","2011","02","8","Monday"
"SAV","2011-02-22","7.87","7.87","7.87","7.87","1010","2011","02","8","Tuesday"
"SAV","2011-02-23","8.07","8.07","8.07","8.07","910","2011","02","8","Wednesday"
"SAV","2011-02-28","8.24","8.24","8.22","8.22","300","2011","02","9","Monday"
"SAV","2011-03-01","7.82","8.17","7.82","8.17","200","2011","03","9","Tuesday"
"SAV","2011-03-02","8.12","8.12","8.12","8.12","2000","2011","03","9","Wednesday"
"SAV","2011-03-04","8.12","8.12","8.12","8.12","500","2011","03","9","Friday"
"SAV","2011-03-07","7.75","7.89","7.72","7.89","2140","2011","03","10","Monday"
"SAV","2011-03-08","7.52","7.75","7.52","7.75","3610","2011","03","10","Tuesday"
"SAV","2011-03-09","7.39","7.39","7.39","7.39","700","2011","03","10","Wednesday"
"SAV","2011-03-10","7.7","7.7","7.7","7.7","100","2011","03","10","Thursday"
"SAV","2011-03-11","7.75","7.75","7.32","7.7","1870","2011","03","10","Friday"
"SAV","2011-03-14","7.64","7.64","7.64","7.64","500","2011","03","11","Monday"
"SAV","2011-03-15","7.26","7.75","7.26","7.64","260","2011","03","11","Tuesday"
"SAV","2011-03-16","7.87","7.87","7.87","7.87","100","2011","03","11","Wednesday"
"SAV","2011-03-17","8.1","8.1","8","8","510","2011","03","11","Thursday"
"SAV","2011-03-18","8","8","8","8","1000","2011","03","11","Friday"
"SAV","2011-03-21","7.62","7.95","7.62","7.95","3030","2011","03","12","Monday"
"SAV","2011-03-22","7.95","7.95","7.95","7.95","1500","2011","03","12","Tuesday"
"SAV","2011-03-23","7.57","7.57","7.57","7.57","2010","2011","03","12","Wednesday"
"SAV","2011-03-24","7.36","7.57","7.36","7.57","2300","2011","03","12","Thursday"
"SAV","2011-03-25","7.75","7.75","7.75","7.75","2000","2011","03","12","Friday"
"SAV","2011-03-28","7.75","7.75","7.75","7.75","2500","2011","03","13","Monday"
"SAV","2011-03-29","7.36","7.97","7.36","7.97","8770","2011","03","13","Tuesday"
"SAV","2011-03-30","8","8","8","8","5010","2011","03","13","Wednesday"
"SAV","2011-03-31","8.13","8.13","8.13","8.13","2000","2011","03","13","Thursday"
"SAV","2011-04-01","8.25","8.25","8.25","8.25","3200","2011","04","13","Friday"
"SAV","2011-04-04","8.25","8.33","8.25","8.33","1010","2011","04","14","Monday"
"SAV","2011-04-05","8.25","8.33","8.25","8.33","9440","2011","04","14","Tuesday"
"SAV","2011-04-06","8.13","8.38","8.13","8.38","510","2011","04","14","Wednesday"
"SAV","2011-04-07","7.97","8.38","7.97","8.36","2220","2011","04","14","Thursday"
"SAV","2011-04-08","7.95","8.13","7.95","8.13","1030","2011","04","14","Friday"
"SAV","2011-04-13","8.13","8.13","8.13","8.13","1000","2011","04","15","Wednesday"
"SAV","2011-04-14","8","8","8","8","1000","2011","04","15","Thursday"
"SAV","2011-04-15","8.38","8.38","8.38","8.38","1400","2011","04","15","Friday"
"SAV","2011-04-19","8.13","8.13","8.1","8.1","770","2011","04","16","Tuesday"
"SAV","2011-04-20","7.72","7.72","7.72","7.72","5030","2011","04","16","Wednesday"
"SAV","2011-04-21","8.07","8.07","8.07","8.07","320","2011","04","16","Thursday"
"SAV","2011-04-22","7.95","8.2","7.69","8.2","2830","2011","04","16","Friday"
"SAV","2011-04-25","7.8","7.8","7.8","7.8","2560","2011","04","17","Monday"
"SAV","2011-04-26","8.13","8.13","8.13","8.13","6420","2011","04","17","Tuesday"
"SAV","2011-04-27","8.38","8.38","8.38","8.38","5000","2011","04","17","Wednesday"
"SAV","2011-04-28","8.51","8.51","8.51","8.51","10000","2011","04","17","Thursday"
"SAV","2011-04-29","8.63","8.63","8.63","8.63","8000","2011","04","17","Friday"
"SAV","2011-05-04","8.63","8.63","8.63","8.63","1000","2011","05","18","Wednesday"
"SAV","2011-05-05","8.2","8.2","8.2","8.2","20","2011","05","18","Thursday"
"SAV","2011-05-06","7.8","7.8","7.8","7.8","1040","2011","05","18","Friday"
"SAV","2011-05-09","7.42","7.42","7.42","7.42","1220","2011","05","19","Monday"
"SAV","2011-05-10","7.36","7.75","7.36","7.75","4200","2011","05","19","Tuesday"
"SAV","2011-05-11","7.62","7.75","7.49","7.75","1300","2011","05","19","Wednesday"
"SAV","2011-05-12","7.75","7.75","7.75","7.75","300","2011","05","19","Thursday"
"SAV","2011-05-13","7.72","7.72","7.72","7.72","10","2011","05","19","Friday"
"SAV","2011-05-16","7.62","7.72","7.62","7.72","400","2011","05","20","Monday"
"SAV","2011-05-17","7.34","8","7.34","7.72","1230","2011","05","20","Tuesday"
"SAV","2011-05-18","8.07","8.07","8.07","8.07","300","2011","05","20","Wednesday"
"SAV","2011-05-19","8.13","8.13","8.13","8.13","120","2011","05","20","Thursday"
"SAV","2011-05-20","8.13","8.13","8.13","8.13","500","2011","05","20","Friday"
"SAV","2011-05-24","8.13","8.13","8.13","8.13","110","2011","05","21","Tuesday"
"SAV","2011-05-25","7.72","7.72","7.72","7.72","30","2011","05","21","Wednesday"
"SAV","2011-05-26","7.72","8.1","7.72","8.1","1120","2011","05","21","Thursday"
"SAV","2011-05-27","8.13","8.13","8.13","8.13","1500","2011","05","21","Friday"
"SAV","2011-05-30","7.72","8.13","7.72","8.13","620","2011","05","22","Monday"
"SAV","2011-05-31","7.72","7.72","7.72","7.72","20","2011","05","22","Tuesday"
"SAV","2011-06-01","7.72","7.72","7.72","7.72","2000","2011","06","22","Wednesday"
"SAV","2011-06-02","7.62","7.62","7.62","7.62","100","2011","06","22","Thursday"
"SAV","2011-06-03","7.36","7.36","7.36","7.36","10","2011","06","22","Friday"
"SAV","2011-06-06","7.24","7.24","7.24","7.24","10","2011","06","23","Monday"
"SAV","2011-06-07","6.93","7.59","6.93","7.59","2720","2011","06","23","Tuesday"
"SAV","2011-06-08","7.92","7.92","7.92","7.92","100","2011","06","23","Wednesday"
"SAV","2011-06-09","7.92","7.92","7.92","7.92","500","2011","06","23","Thursday"
"SAV","2011-06-10","7.92","7.92","7.9","7.9","120","2011","06","23","Friday"
"SAV","2011-06-13","8.13","8.13","8.13","8.13","10","2011","06","24","Monday"
"SAV","2011-06-14","7.72","7.72","7.72","7.72","1000","2011","06","24","Tuesday"
"SAV","2011-06-16","8.05","8.05","7.34","7.34","700","2011","06","24","Thursday"
"SAV","2011-06-17","6.98","6.98","6.98","6.98","1220","2011","06","24","Friday"
"SAV","2011-06-20","7.31","7.31","7.31","7.31","10","2011","06","25","Monday"
"SAV","2011-06-21","6.96","7.31","6.96","7.31","40","2011","06","25","Tuesday"
"SAV","2011-06-22","7.67","7.67","7.67","7.67","50","2011","06","25","Wednesday"
"SAV","2011-06-23","7.29","7.29","7.29","7.29","20","2011","06","25","Thursday"
"SAV","2011-06-27","7.24","7.24","7.24","7.24","20","2011","06","26","Monday"
"SAV","2011-06-28","6.88","7.24","6.88","7.24","1050","2011","06","26","Tuesday"
"SAV","2011-06-29","7.24","7.24","7.24","7.24","10","2011","06","26","Wednesday"
"SAV","2011-06-30","7.24","7.24","7.24","7.24","1000","2011","06","26","Thursday"
"SAV","2011-07-01","7.24","7.24","6.88","6.88","30","2011","07","26","Friday"
"SAV","2011-07-04","6.55","6.55","6.55","6.55","1010","2011","07","27","Monday"
"SAV","2011-07-05","6.25","6.55","6.25","6.55","150","2011","07","27","Tuesday"
"SAV","2011-07-06","6.35","6.55","6.35","6.55","240","2011","07","27","Wednesday"
"SAV","2011-07-07","6.73","6.73","6.73","6.73","30","2011","07","27","Thursday"
"SAV","2011-07-08","6.4","6.4","6.4","6.4","180","2011","07","27","Friday"
"SAV","2011-07-12","6.09","6.14","6.09","6.09","810","2011","07","28","Tuesday"
"SAV","2011-07-13","5.79","5.79","5.79","5.79","720","2011","07","28","Wednesday"
"SAV","2011-07-14","5.51","5.51","5.51","5.51","210","2011","07","28","Thursday"
"SAV","2011-07-15","5.26","5.26","5.26","5.26","500","2011","07","28","Friday"
"SAV","2011-07-18","5","5","5","5","290","2011","07","29","Monday"
"SAV","2011-07-19","4.77","4.77","4.77","4.77","370","2011","07","29","Tuesday"
"SAV","2011-07-20","4.55","4.55","4.55","4.55","60","2011","07","29","Wednesday"
"SAV","2011-07-25","4.75","4.75","4.75","4.75","200","2011","07","30","Monday"
"SAV","2011-07-26","4.98","4.98","4.98","4.98","100","2011","07","30","Tuesday"
"SAV","2011-07-27","5.21","5.21","5.21","5.21","10","2011","07","30","Wednesday"
"SAV","2011-07-28","4.95","4.95","4.95","4.95","200","2011","07","30","Thursday"
"SAV","2011-07-29","4.72","4.72","4.72","4.72","10","2011","07","30","Friday"
"SAV","2011-08-02","4.83","4.83","4.83","4.83","10","2011","08","31","Tuesday"
"SAV","2011-08-03","4.83","4.83","4.83","4.83","100","2011","08","31","Wednesday"
"SAV","2011-08-04","5.05","5.05","5.05","5.05","170","2011","08","31","Thursday"
"SAV","2011-08-05","4.83","4.83","4.83","4.83","60","2011","08","31","Friday"
"SAV","2011-08-08","4.6","4.6","4.6","4.6","420","2011","08","32","Monday"
"SAV","2011-08-09","4.37","4.37","4.37","4.37","110","2011","08","32","Tuesday"
"SAV","2011-08-10","4.37","4.37","4.37","4.37","20","2011","08","32","Wednesday"
"SAV","2011-08-11","4.57","4.57","4.57","4.57","10","2011","08","32","Thursday"
"SAV","2011-08-12","4.8","4.8","4.8","4.8","100","2011","08","32","Friday"
"SAV","2011-08-15","4.95","5.03","4.93","5.03","1020","2011","08","33","Monday"
"SAV","2011-08-16","5.08","5.08","5.08","5.08","30","2011","08","33","Tuesday"
"SAV","2011-08-17","5.08","5.13","5.08","5.13","1140","2011","08","33","Wednesday"
"SAV","2011-08-18","5.28","5.28","5.21","5.21","1100","2011","08","33","Thursday"
"SAV","2011-08-19","5.08","5.08","5.08","5.08","1150","2011","08","33","Friday"
"SAV","2011-08-22","4.95","5.21","4.95","5.21","3170","2011","08","34","Monday"
"SAV","2011-08-23","5.33","5.33","5.33","5.33","10","2011","08","34","Tuesday"
"SAV","2011-08-24","5.46","5.46","5.46","5.46","30","2011","08","34","Wednesday"
"SAV","2011-08-25","5.21","5.21","5.21","5.21","1000","2011","08","34","Thursday"
"SAV","2011-08-26","5.26","5.28","5.26","5.28","6000","2011","08","34","Friday"
"SAV","2011-08-29","5.33","5.46","5.33","5.46","6020","2011","08","35","Monday"
"SAV","2011-08-30","5.46","5.46","5.46","5.46","100","2011","08","35","Tuesday"
"SAV","2011-08-31","5.59","5.59","5.59","5.59","1570","2011","08","35","Wednesday"
"SAV","2011-09-01","5.87","5.87","5.87","5.87","10","2011","09","35","Thursday"
"SAV","2011-09-05","5.97","6.09","5.97","6.09","110","2011","09","36","Monday"
"SAV","2011-09-06","6.09","6.09","6.09","6.09","1000","2011","09","36","Tuesday"
"SAV","2011-09-07","6.14","6.14","6.14","6.14","210","2011","09","36","Wednesday"
"SAV","2011-09-08","6.12","6.12","6.12","6.12","10","2011","09","36","Thursday"
"SAV","2011-09-09","5.82","5.82","5.82","5.82","410","2011","09","36","Friday"
"SAV","2011-09-12","5.54","5.54","5.54","5.54","10","2011","09","37","Monday"
"SAV","2011-09-13","5.79","5.79","5.79","5.79","250","2011","09","37","Tuesday"
"SAV","2011-09-15","5.84","5.84","5.84","5.84","10","2011","09","37","Thursday"
"SAV","2011-09-19","5.59","5.59","5.59","5.59","20","2011","09","38","Monday"
"SAV","2011-09-20","5.31","5.59","5.31","5.31","130","2011","09","38","Tuesday"
"SAV","2011-09-22","5.21","5.21","5.21","5.21","210","2011","09","38","Thursday"
"SAV","2011-09-27","4.95","5.26","4.95","5.26","3050","2011","09","39","Tuesday"
"SAV","2011-09-28","5","5.49","5","5.49","200","2011","09","39","Wednesday"
"SAV","2011-09-29","5.54","5.54","5.54","5.54","500","2011","09","39","Thursday"
"SAV","2011-09-30","5.28","5.79","5.28","5.79","480","2011","09","39","Friday"
"SAV","2011-10-03","5.97","5.97","5.97","5.97","100","2011","10","40","Monday"
"SAV","2011-10-04","6.2","6.2","6.2","6.2","80","2011","10","40","Tuesday"
"SAV","2011-10-05","6.2","6.2","6.2","6.2","200","2011","10","40","Wednesday"
"SAV","2011-10-06","6.5","6.5","6.5","6.5","20","2011","10","40","Thursday"
"SAV","2011-10-07","6.81","6.81","6.81","6.81","20","2011","10","40","Friday"
"SAV","2011-10-10","6.47","6.73","6.47","6.73","20","2011","10","41","Monday"
"SAV","2011-10-11","6.78","6.78","6.4","6.4","6010","2011","10","41","Tuesday"
"SAV","2011-10-21","6.09","6.09","6.09","6.09","100","2011","10","42","Friday"
"SAV","2011-10-24","5.79","5.79","5.79","5.79","220","2011","10","43","Monday"
"SAV","2011-10-25","6.04","6.04","5.51","5.51","160","2011","10","43","Tuesday"
"SAV","2011-10-26","5.26","5.26","5.26","5.26","40","2011","10","43","Wednesday"
"SAV","2011-10-27","5","5.49","5","5.49","20","2011","10","43","Thursday"
"SAV","2011-10-28","5.54","5.54","5.54","5.54","1640","2011","10","43","Friday"
"SAV","2011-10-31","5.59","5.59","5.56","5.56","6000","2011","10","44","Monday"
"SAV","2011-11-01","5.51","5.54","5.31","5.31","5010","2011","11","44","Tuesday"
"SAV","2011-11-02","5.26","5.31","5.05","5.05","11010","2011","11","44","Wednesday"
"SAV","2011-11-03","5.05","5.05","4.95","4.95","2000","2011","11","44","Thursday"
"SAV","2011-11-07","5.18","5.18","5.18","5.18","10","2011","11","45","Monday"
"SAV","2011-11-08","5.18","5.18","5.18","5.18","10","2011","11","45","Tuesday"
"SAV","2011-11-09","5.23","5.23","5.23","5.23","6000","2011","11","45","Wednesday"
"SAV","2011-11-10","5.21","5.23","5.21","5.23","5400","2011","11","45","Thursday"
"SAV","2011-11-11","5.23","5.23","5.23","5.23","6000","2011","11","45","Friday"
"SAV","2011-11-18","4.98","4.98","4.98","4.98","230","2011","11","46","Friday"
"SAV","2011-11-29","4.75","4.75","4.75","4.75","150","2011","11","48","Tuesday"
"SAV","2011-11-30","4.52","4.52","4.52","4.52","140","2011","11","48","Wednesday"
"SAV","2011-12-01","4.44","4.44","4.34","4.34","2000","2011","12","48","Thursday"
"SAV","2011-12-02","4.24","4.24","4.14","4.14","3040","2011","12","48","Friday"
"SAV","2011-12-05","3.94","3.94","3.94","3.94","1370","2011","12","49","Monday"
"SAV","2011-12-06","3.76","3.76","3.76","3.76","200","2011","12","49","Tuesday"
"SAV","2011-12-07","3.76","3.94","3.58","3.94","3270","2011","12","49","Wednesday"
"SAV","2011-12-08","4.11","4.11","3.76","4.09","920","2011","12","49","Thursday"
"SAV","2011-12-09","3.88","4.21","3.88","4.21","80","2011","12","49","Friday"
"SAV","2011-12-12","4.32","4.32","4.32","4.32","100","2011","12","50","Monday"
"SAV","2011-12-13","4.32","4.32","4.32","4.32","10","2011","12","50","Tuesday"
"SAV","2011-12-14","4.24","4.24","4.24","4.24","20","2011","12","50","Wednesday"
"SAV","2011-12-15","4.27","4.27","4.04","4.04","4410","2011","12","50","Thursday"
"SAV","2011-12-16","4.04","4.11","4.04","4.09","4320","2011","12","50","Friday"
"SAV","2011-12-19","4.19","4.19","4.11","4.11","470","2011","12","51","Monday"
"SAV","2011-12-20","4.19","4.21","4.17","4.17","4770","2011","12","51","Tuesday"
"SAV","2011-12-21","4.21","4.32","4.21","4.32","4930","2011","12","51","Wednesday"
"SAV","2011-12-22","4.52","4.52","4.52","4.52","150","2011","12","51","Thursday"
"SAV","2011-12-23","4.65","4.65","4.65","4.65","10","2011","12","51","Friday"
"SAV","2011-12-26","4.67","4.67","4.65","4.65","5040","2011","12","52","Monday"
"SAV","2011-12-27","4.72","4.72","4.72","4.72","2530","2011","12","52","Tuesday"
"SAV","2011-12-28","4.72","4.95","4.72","4.95","4770","2011","12","52","Wednesday"
"SAV","2011-12-29","4.72","5.03","4.72","5.03","4710","2011","12","52","Thursday"
"SAV","2011-12-30","5.1","5.1","5.1","5.1","210","2011","12","52","Friday"
"SAV","2012-01-04","5.33","5.33","5.33","5.33","10","2012","01","1","Wednesday"
"SAV","2012-01-06","5.33","5.33","5.33","5.33","10","2012","01","1","Friday"
"SAV","2012-01-10","5.33","5.33","5.33","5.33","10","2012","01","2","Tuesday"
"SAV","2012-01-11","5.08","5.08","5.08","5.08","30","2012","01","2","Wednesday"
"SAV","2012-01-19","5.33","5.33","5.33","5.33","10","2012","01","3","Thursday"
"SAV","2012-01-30","5.08","5.33","5.08","5.33","20","2012","01","5","Monday"
"SAV","2012-01-31","5.08","5.08","5.08","5.08","10","2012","01","5","Tuesday"
"SAV","2012-02-01","4.83","4.83","4.83","4.83","10","2012","02","5","Wednesday"
"SAV","2012-02-02","4.6","4.6","4.6","4.6","40","2012","02","5","Thursday"
"SAV","2012-02-03","4.6","4.6","4.6","4.6","50","2012","02","5","Friday"
"SAV","2012-02-06","4.6","4.6","4.6","4.6","20","2012","02","6","Monday"
"SAV","2012-02-07","4.39","4.39","4.37","4.37","1210","2012","02","6","Tuesday"
"SAV","2012-02-08","4.21","4.21","4.21","4.21","10","2012","02","6","Wednesday"
"SAV","2012-02-14","4.04","4.04","4.04","4.04","100","2012","02","7","Tuesday"
"SAV","2012-02-16","4.21","4.21","4.21","4.21","20","2012","02","7","Thursday"
"SAV","2012-02-17","4.01","4.21","4.01","4.21","460","2012","02","7","Friday"
"SAV","2012-02-20","4.21","4.21","4.21","4.21","10","2012","02","8","Monday"
"SAV","2012-02-21","4.04","4.42","4.04","4.42","130","2012","02","8","Tuesday"
"SAV","2012-02-22","4.42","4.42","4.42","4.42","20","2012","02","8","Wednesday"
"SAV","2012-02-23","4.62","4.62","4.24","4.24","330","2012","02","8","Thursday"
"SAV","2012-02-24","4.32","4.44","4.04","4.44","9550","2012","02","8","Friday"
"SAV","2012-02-27","4.44","4.44","4.44","4.44","10","2012","02","9","Monday"
"SAV","2012-02-28","4.29","4.29","4.24","4.24","310","2012","02","9","Tuesday"
"SAV","2012-02-29","4.32","4.32","4.32","4.32","10","2012","02","9","Wednesday"
"SAV","2012-03-01","4.11","4.11","4.11","4.11","230","2012","03","9","Thursday"
"SAV","2012-03-02","3.96","3.96","3.91","3.91","2480","2012","03","9","Friday"
"SAV","2012-03-05","4.09","4.09","3.73","4.09","318170","2012","03","10","Monday"
"SAV","2012-03-06","4.27","4.29","3.88","4.27","18050","2012","03","10","Tuesday"
"SAV","2012-03-07","4.44","4.47","4.06","4.42","1680","2012","03","10","Wednesday"
"SAV","2012-03-08","4.21","4.44","4.21","4.44","3070","2012","03","10","Thursday"
"SAV","2012-03-09","4.24","4.24","4.24","4.24","20550","2012","03","10","Friday"
"SAV","2012-03-12","4.03","4.03","4.03","4.03","10","2012","03","11","Monday"
"SAV","2012-03-13","3.84","4","3.84","3.84","35690","2012","03","11","Tuesday"
"SAV","2012-03-14","3.76","3.76","3.66","3.66","59120","2012","03","11","Wednesday"
"SAV","2012-03-15","3.52","3.52","3.5","3.5","40180","2012","03","11","Thursday"
"SAV","2012-03-16","3.5","3.5","3.34","3.34","73010","2012","03","11","Friday"
"SAV","2012-03-19","3.42","3.42","3.21","3.31","13780","2012","03","12","Monday"
"SAV","2012-03-20","3.26","3.47","3.15","3.37","75790","2012","03","12","Tuesday"
"SAV","2012-03-21","3.37","3.39","3.21","3.21","197670","2012","03","12","Wednesday"
"SAV","2012-03-22","3.21","3.29","3.21","3.26","31650","2012","03","12","Thursday"
"SAV","2012-03-23","3.31","3.42","3.31","3.37","24600","2012","03","12","Friday"
"SAV","2012-03-26","3.37","3.45","3.21","3.37","99090","2012","03","13","Monday"
"SAV","2012-03-27","3.37","3.37","3.21","3.21","145910","2012","03","13","Tuesday"
"SAV","2012-03-28","3.1","3.21","3.05","3.18","47500","2012","03","13","Wednesday"
"SAV","2012-03-29","3.23","3.29","3.02","3.02","22090","2012","03","13","Thursday"
"SAV","2012-03-30","2.92","3.1","2.89","2.89","71550","2012","03","13","Friday"
"SAV","2012-04-03","2.76","2.84","2.76","2.78","46980","2012","04","14","Tuesday"
"SAV","2012-04-04","2.78","2.78","2.65","2.65","133460","2012","04","14","Wednesday"
"SAV","2012-04-05","2.57","2.65","2.57","2.6","41480","2012","04","14","Thursday"
"SAV","2012-04-06","2.6","2.7","2.6","2.7","81560","2012","04","14","Friday"
"SAV","2012-04-09","2.76","2.84","2.73","2.84","71880","2012","04","15","Monday"
"SAV","2012-04-10","2.97","2.97","2.89","2.94","146330","2012","04","15","Tuesday"
"SAV","2012-04-11","3","3.08","2.97","3.08","60170","2012","04","15","Wednesday"
"SAV","2012-04-12","3.13","3.21","3.1","3.1","130970","2012","04","15","Thursday"
"SAV","2012-04-13","3.1","3.13","2.97","2.97","95040","2012","04","15","Friday"
"SAV","2012-04-16","2.97","3.02","2.86","3","68650","2012","04","16","Monday"
"SAV","2012-04-17","3.1","3.13","3","3.13","107790","2012","04","16","Tuesday"
"SAV","2012-04-18","3.13","3.13","3","3","60210","2012","04","16","Wednesday"
"SAV","2012-04-19","3","3.05","2.97","3","23910","2012","04","16","Thursday"
"SAV","2012-04-20","3","3.05","2.94","3.05","58340","2012","04","16","Friday"
"SAV","2012-04-23","3.05","3.1","2.97","3.05","22560","2012","04","17","Monday"
"SAV","2012-04-24","3","3","2.92","2.94","79830","2012","04","17","Tuesday"
"SAV","2012-04-25","3.02","3.08","3","3.08","58570","2012","04","17","Wednesday"
"SAV","2012-04-26","3.1","3.13","3.02","3.08","29600","2012","04","17","Thursday"
"SAV","2012-04-27","3.05","3.21","3.05","3.21","115190","2012","04","17","Friday"
"SAV","2012-05-02","3.37","3.37","3.31","3.37","194560","2012","05","18","Wednesday"
"SAV","2012-05-03","3.37","3.52","3.37","3.52","147240","2012","05","18","Thursday"
"SAV","2012-05-04","3.68","3.68","3.68","3.68","36050","2012","05","18","Friday"
"SAV","2012-05-07","3.84","3.84","3.76","3.84","125380","2012","05","19","Monday"
"SAV","2012-05-08","3.84","3.95","3.76","3.76","103910","2012","05","19","Tuesday"
"SAV","2012-05-09","3.76","3.76","3.6","3.63","101890","2012","05","19","Wednesday"
"SAV","2012-05-10","3.66","3.76","3.52","3.52","75350","2012","05","19","Thursday"
"SAV","2012-05-11","3.5","3.58","3.37","3.37","89700","2012","05","19","Friday"
"SAV","2012-05-14","3.34","3.39","3.21","3.31","43350","2012","05","20","Monday"
"SAV","2012-05-15","3.21","3.29","3.15","3.15","63590","2012","05","20","Tuesday"
"SAV","2012-05-16","3.08","3.08","3.02","3.02","125380","2012","05","20","Wednesday"
"SAV","2012-05-17","3.13","3.13","2.92","2.92","31510","2012","05","20","Thursday"
"SAV","2012-05-18","2.92","3","2.78","2.92","29640","2012","05","20","Friday"
"SAV","2012-05-21","2.94","3.05","2.94","3.05","17910","2012","05","21","Monday"
"SAV","2012-05-22","3.13","3.18","3.08","3.08","22060","2012","05","21","Tuesday"
"SAV","2012-05-23","3.05","3.05","2.94","2.94","24600","2012","05","21","Wednesday"
"SAV","2012-05-24","2.84","2.86","2.81","2.81","40290","2012","05","21","Thursday"
"SAV","2012-05-25","2.92","2.94","2.84","2.94","12040","2012","05","21","Friday"
"SAV","2012-05-28","2.94","3.08","2.84","2.84","4620","2012","05","22","Monday"
"SAV","2012-05-29","2.92","2.92","2.81","2.92","3410","2012","05","22","Tuesday"
"SAV","2012-05-30","2.92","2.92","2.86","2.92","9390","2012","05","22","Wednesday"
"SAV","2012-05-31","2.86","2.92","2.78","2.81","40730","2012","05","22","Thursday"
"SAV","2012-06-01","2.89","2.89","2.78","2.78","5300","2012","06","22","Friday"
"SAV","2012-06-04","2.73","2.76","2.65","2.76","56970","2012","06","23","Monday"
"SAV","2012-06-05","2.73","2.78","2.73","2.78","2930","2012","06","23","Tuesday"
"SAV","2012-06-06","2.7","2.86","2.7","2.86","10880","2012","06","23","Wednesday"
"SAV","2012-06-07","2.94","3","2.92","3","14240","2012","06","23","Thursday"
"SAV","2012-06-08","3","3.1","2.86","2.86","18310","2012","06","23","Friday"
"SAV","2012-06-11","2.86","2.92","2.76","2.81","25190","2012","06","24","Monday"
"SAV","2012-06-12","2.73","2.76","2.7","2.73","9780","2012","06","24","Tuesday"
"SAV","2012-06-13","2.84","2.84","2.84","2.84","10","2012","06","24","Wednesday"
"SAV","2012-06-14","2.84","2.84","2.78","2.84","3130","2012","06","24","Thursday"
"SAV","2012-06-15","2.84","2.92","2.84","2.89","4450","2012","06","24","Friday"
"SAV","2012-06-18","2.89","2.92","2.76","2.89","15940","2012","06","25","Monday"
"SAV","2012-06-19","2.89","2.89","2.78","2.81","3170","2012","06","25","Tuesday"
"SAV","2012-06-20","2.86","2.86","2.81","2.84","1060","2012","06","25","Wednesday"
"SAV","2012-06-21","2.86","2.86","2.86","2.86","10","2012","06","25","Thursday"
"SAV","2012-06-22","2.73","2.81","2.73","2.73","5470","2012","06","25","Friday"
"SAV","2012-06-25","2.78","2.78","2.73","2.76","4640","2012","06","26","Monday"
"SAV","2012-06-26","2.65","2.76","2.65","2.65","11620","2012","06","26","Tuesday"
"SAV","2012-06-27","2.65","2.65","2.54","2.54","8000","2012","06","26","Wednesday"
"SAV","2012-06-28","2.54","2.65","2.44","2.65","20020","2012","06","26","Thursday"
"SAV","2012-06-29","2.73","2.73","2.52","2.73","1570","2012","06","26","Friday"
"SAV","2012-07-02","2.6","2.7","2.6","2.7","500","2012","07","27","Monday"
"SAV","2012-07-03","2.65","2.65","2.57","2.57","14520","2012","07","27","Tuesday"
"SAV","2012-07-04","2.57","2.57","2.49","2.49","3170","2012","07","27","Wednesday"
"SAV","2012-07-05","2.38","2.57","2.38","2.54","6840","2012","07","27","Thursday"
"SAV","2012-07-06","2.6","2.62","2.6","2.62","3110","2012","07","27","Friday"
"SAV","2012-07-09","2.65","2.65","2.52","2.62","5720","2012","07","28","Monday"
"SAV","2012-07-10","2.6","2.6","2.52","2.52","10420","2012","07","28","Tuesday"
"SAV","2012-07-11","2.54","2.54","2.46","2.54","2050","2012","07","28","Wednesday"
"SAV","2012-07-12","2.6","2.6","2.6","2.6","20","2012","07","28","Thursday"
"SAV","2012-07-13","2.54","2.62","2.52","2.57","18940","2012","07","28","Friday"
"SAV","2012-07-16","2.52","2.52","2.46","2.49","10560","2012","07","29","Monday"
"SAV","2012-07-17","2.46","2.52","2.46","2.52","2230","2012","07","29","Tuesday"
"SAV","2012-07-18","2.52","2.57","2.49","2.57","20080","2012","07","29","Wednesday"
"SAV","2012-07-19","2.6","2.62","2.52","2.6","7620","2012","07","29","Thursday"
"SAV","2012-07-20","2.6","2.68","2.54","2.57","5620","2012","07","29","Friday"
"SAV","2012-07-23","2.62","2.62","2.52","2.62","9230","2012","07","30","Monday"
"SAV","2012-07-24","2.57","2.62","2.52","2.52","17180","2012","07","30","Tuesday"
"SAV","2012-07-25","2.57","2.57","2.46","2.46","9350","2012","07","30","Wednesday"
"SAV","2012-07-26","2.57","2.57","2.46","2.46","19040","2012","07","30","Thursday"
"SAV","2012-07-27","2.57","2.57","2.49","2.52","220","2012","07","30","Friday"
"SAV","2012-07-30","2.54","2.54","2.46","2.46","5430","2012","07","31","Monday"
"SAV","2012-07-31","2.49","2.52","2.49","2.52","40","2012","07","31","Tuesday"
"SAV","2012-08-01","2.49","2.49","2.41","2.41","9850","2012","08","31","Wednesday"
"SAV","2012-08-02","2.46","2.49","2.38","2.44","7210","2012","08","31","Thursday"
"SAV","2012-08-03","2.41","2.44","2.41","2.44","1110","2012","08","31","Friday"
"SAV","2012-08-06","2.46","2.49","2.44","2.49","7090","2012","08","32","Monday"
"SAV","2012-08-07","2.49","2.49","2.41","2.41","7460","2012","08","32","Tuesday"
"SAV","2012-08-08","2.41","2.49","2.41","2.44","8990","2012","08","32","Wednesday"
"SAV","2012-08-09","2.46","2.49","2.41","2.46","18030","2012","08","32","Thursday"
"SAV","2012-08-10","2.46","2.46","2.46","2.46","10610","2012","08","32","Friday"
"SAV","2012-08-13","2.41","2.46","2.36","2.46","3500","2012","08","33","Monday"
"SAV","2012-08-14","2.49","2.49","2.46","2.46","10170","2012","08","33","Tuesday"
"SAV","2012-08-15","2.46","2.46","2.41","2.44","1020","2012","08","33","Wednesday"
"SAV","2012-08-16","2.38","2.44","2.38","2.41","2550","2012","08","33","Thursday"
"SAV","2012-08-17","2.44","2.46","2.38","2.46","11800","2012","08","33","Friday"
"SAV","2012-08-20","2.52","2.52","2.49","2.49","230","2012","08","34","Monday"
"SAV","2012-08-21","2.38","2.38","2.38","2.38","2340","2012","08","34","Tuesday"
"SAV","2012-08-22","2.28","2.38","2.28","2.28","19720","2012","08","34","Wednesday"
"SAV","2012-08-23","2.2","2.2","2.17","2.17","4030","2012","08","34","Thursday"
"SAV","2012-08-24","2.07","2.25","2.07","2.25","19140","2012","08","34","Friday"
"SAV","2012-08-27","2.25","2.25","2.15","2.23","3070","2012","08","35","Monday"
"SAV","2012-08-28","2.12","2.17","2.12","2.17","9560","2012","08","35","Tuesday"
"SAV","2012-08-29","2.2","2.28","2.12","2.25","1970","2012","08","35","Wednesday"
"SAV","2012-08-30","2.25","2.25","2.25","2.25","30","2012","08","35","Thursday"
"SAV","2012-08-31","2.17","2.17","2.15","2.17","2310","2012","08","35","Friday"
"SAV","2012-09-04","2.17","2.17","2.07","2.07","2150","2012","09","36","Tuesday"
"SAV","2012-09-05","2.09","2.09","2.01","2.07","12390","2012","09","36","Wednesday"
"SAV","2012-09-06","2.07","2.07","2.07","2.07","10","2012","09","36","Thursday"
"SAV","2012-09-07","2.07","2.12","2.04","2.12","1510","2012","09","36","Friday"
"SAV","2012-09-10","2.12","2.12","2.01","2.01","4260","2012","09","37","Monday"
"SAV","2012-09-11","2.01","2.07","1.94","1.94","10040","2012","09","37","Tuesday"
"SAV","2012-09-12","1.99","1.99","1.88","1.88","11820","2012","09","37","Wednesday"
"SAV","2012-09-13","1.88","1.91","1.88","1.91","5150","2012","09","37","Thursday"
"SAV","2012-09-14","1.94","1.94","1.85","1.88","55930","2012","09","37","Friday"
"SAV","2012-09-17","1.91","1.91","1.91","1.91","10","2012","09","38","Monday"
"SAV","2012-09-18","1.94","1.96","1.85","1.96","860","2012","09","38","Tuesday"
"SAV","2012-09-19","1.88","1.88","1.88","1.88","2900","2012","09","38","Wednesday"
"SAV","2012-09-20","1.85","1.88","1.8","1.88","3130","2012","09","38","Thursday"
"SAV","2012-09-21","1.96","1.96","1.85","1.88","5020","2012","09","38","Friday"
"SAV","2012-09-24","1.88","1.88","1.88","1.88","10","2012","09","39","Monday"
"SAV","2012-09-25","1.88","1.88","1.83","1.85","3550","2012","09","39","Tuesday"
"SAV","2012-09-26","1.85","1.85","1.85","1.85","2220","2012","09","39","Wednesday"
"SAV","2012-09-27","1.85","1.85","1.85","1.85","1000","2012","09","39","Thursday"
"SAV","2012-09-28","1.83","1.85","1.8","1.85","9090","2012","09","39","Friday"
"SAV","2012-10-01","1.83","1.83","1.83","1.83","300","2012","10","40","Monday"
"SAV","2012-10-03","1.88","1.88","1.85","1.85","1010","2012","10","40","Wednesday"
"SAV","2012-10-04","1.8","1.85","1.8","1.85","1170","2012","10","40","Thursday"
"SAV","2012-10-05","1.8","1.85","1.8","1.85","1300","2012","10","40","Friday"
"SAV","2012-10-08","1.85","1.85","1.85","1.85","230","2012","10","41","Monday"
"SAV","2012-10-09","1.83","1.85","1.83","1.85","2030","2012","10","41","Tuesday"
"SAV","2012-10-10","1.78","1.83","1.78","1.8","6560","2012","10","41","Wednesday"
"SAV","2012-10-11","1.8","1.85","1.8","1.8","1500","2012","10","41","Thursday"
"SAV","2012-10-12","1.8","1.8","1.72","1.75","10850","2012","10","41","Friday"
"SAV","2012-10-15","1.78","1.78","1.7","1.75","160","2012","10","42","Monday"
"SAV","2012-10-16","1.78","1.8","1.78","1.78","6500","2012","10","42","Tuesday"
"SAV","2012-10-17","1.75","1.78","1.75","1.78","7730","2012","10","42","Wednesday"
"SAV","2012-10-18","1.78","1.78","1.7","1.7","26070","2012","10","42","Thursday"
"SAV","2012-10-19","1.67","1.72","1.67","1.72","1710","2012","10","42","Friday"
"SAV","2012-10-22","1.67","1.7","1.64","1.7","13010","2012","10","43","Monday"
"SAV","2012-10-23","1.67","1.67","1.67","1.67","4100","2012","10","43","Tuesday"
"SAV","2012-10-24","1.7","1.7","1.67","1.67","1850","2012","10","43","Wednesday"
"SAV","2012-10-25","1.67","1.67","1.64","1.64","1600","2012","10","43","Thursday"
"SAV","2012-10-26","1.7","1.7","1.7","1.7","20","2012","10","43","Friday"
"SAV","2012-10-29","1.67","1.67","1.62","1.62","6520","2012","10","44","Monday"
"SAV","2012-10-30","1.67","1.67","1.64","1.67","1400","2012","10","44","Tuesday"
"SAV","2012-10-31","1.67","1.67","1.62","1.67","3180","2012","10","44","Wednesday"
"SAV","2012-11-01","1.67","1.7","1.64","1.7","5810","2012","11","44","Thursday"
"SAV","2012-11-02","1.64","1.7","1.62","1.7","7330","2012","11","44","Friday"
"SAV","2012-11-05","1.64","1.7","1.64","1.7","980","2012","11","45","Monday"
"SAV","2012-11-06","1.67","1.67","1.64","1.64","12480","2012","11","45","Tuesday"
"SAV","2012-11-07","1.67","1.7","1.67","1.7","1370","2012","11","45","Wednesday"
"SAV","2012-11-08","1.67","1.67","1.64","1.67","11220","2012","11","45","Thursday"
"SAV","2012-11-09","1.67","1.67","1.67","1.67","3000","2012","11","45","Friday"
"SAV","2012-11-12","1.75","1.75","1.75","1.75","35440","2012","11","46","Monday"
"SAV","2012-11-13","1.83","1.83","1.83","1.83","70","2012","11","46","Tuesday"
"SAV","2012-11-14","1.88","1.91","1.85","1.88","14710","2012","11","46","Wednesday"
"SAV","2012-11-15","1.88","1.88","1.8","1.8","3340","2012","11","46","Thursday"
"SAV","2012-11-16","1.88","1.88","1.75","1.83","3460","2012","11","46","Friday"
"SAV","2012-11-19","1.78","1.78","1.75","1.75","3200","2012","11","47","Monday"
"SAV","2012-11-20","1.8","1.8","1.72","1.78","1020","2012","11","47","Tuesday"
"SAV","2012-11-21","1.78","1.83","1.78","1.83","10010","2012","11","47","Wednesday"
"SAV","2012-11-22","1.78","1.88","1.78","1.88","15250","2012","11","47","Thursday"
"SAV","2012-11-23","1.85","1.85","1.8","1.85","5960","2012","11","47","Friday"
"SAV","2012-11-26","1.78","1.85","1.78","1.85","7430","2012","11","48","Monday"
"SAV","2012-11-27","1.78","1.83","1.78","1.78","14020","2012","11","48","Tuesday"
"SAV","2012-11-28","1.78","1.78","1.78","1.78","40","2012","11","48","Wednesday"
"SAV","2012-11-29","1.72","1.75","1.72","1.72","8250","2012","11","48","Thursday"
"SAV","2012-11-30","1.78","1.8","1.75","1.75","7880","2012","11","48","Friday"
"SAV","2012-12-03","1.75","1.83","1.75","1.83","10220","2012","12","49","Monday"
"SAV","2012-12-04","1.85","1.85","1.8","1.83","1350","2012","12","49","Tuesday"
"SAV","2012-12-05","1.75","1.85","1.75","1.83","17550","2012","12","49","Wednesday"
"SAV","2012-12-06","1.78","1.8","1.75","1.8","8310","2012","12","49","Thursday"
"SAV","2012-12-07","1.8","1.8","1.8","1.8","1180","2012","12","49","Friday"
"SAV","2012-12-10","1.78","1.88","1.78","1.83","10820","2012","12","50","Monday"
"SAV","2012-12-11","1.78","1.85","1.78","1.85","120","2012","12","50","Tuesday"
"SAV","2012-12-12","1.85","1.88","1.85","1.88","1220","2012","12","50","Wednesday"
"SAV","2012-12-13","1.94","1.94","1.8","1.88","1430","2012","12","50","Thursday"
"SAV","2012-12-14","1.85","1.91","1.85","1.91","1500","2012","12","50","Friday"
"SAV","2012-12-17","1.83","1.83","1.83","1.83","9320","2012","12","51","Monday"
"SAV","2012-12-18","1.83","1.83","1.78","1.78","4360","2012","12","51","Tuesday"
"SAV","2012-12-19","1.8","1.83","1.8","1.83","17960","2012","12","51","Wednesday"
"SAV","2012-12-20","1.88","1.88","1.88","1.88","10","2012","12","51","Thursday"
"SAV","2012-12-24","1.85","1.85","1.8","1.85","5090","2012","12","52","Monday"
"SAV","2012-12-25","1.78","1.8","1.78","1.78","7500","2012","12","52","Tuesday"
"SAV","2012-12-26","1.8","1.85","1.8","1.85","24860","2012","12","52","Wednesday"
"SAV","2012-12-27","1.85","1.88","1.85","1.88","6810","2012","12","52","Thursday"
"SAV","2012-12-28","1.83","1.85","1.83","1.85","23110","2012","12","52","Friday"
"SAV","2013-01-02","1.88","1.91","1.85","1.88","20870","2013","01","1","Wednesday"
"SAV","2013-01-03","1.91","1.91","1.88","1.91","13320","2013","01","1","Thursday"
"SAV","2013-01-04","1.88","1.91","1.85","1.91","10040","2013","01","1","Friday"
"SAV","2013-01-07","1.91","1.96","1.91","1.94","13530","2013","01","2","Monday"
"SAV","2013-01-08","1.96","1.99","1.94","1.96","11570","2013","01","2","Tuesday"
"SAV","2013-01-09","1.99","2.01","1.88","1.88","30600","2013","01","2","Wednesday"
"SAV","2013-01-10","1.91","1.94","1.88","1.94","15430","2013","01","2","Thursday"
"SAV","2013-01-11","1.94","1.99","1.91","1.94","8880","2013","01","2","Friday"
"SAV","2013-01-14","1.94","1.94","1.88","1.94","32460","2013","01","3","Monday"
"SAV","2013-01-15","1.94","1.96","1.91","1.96","44020","2013","01","3","Tuesday"
"SAV","2013-01-16","1.96","2.09","1.96","2.09","61500","2013","01","3","Wednesday"
"SAV","2013-01-17","2.07","2.2","2.07","2.17","2340","2013","01","3","Thursday"
"SAV","2013-01-18","2.23","2.23","2.04","2.04","12070","2013","01","3","Friday"
"SAV","2013-01-21","2.09","2.09","2.01","2.04","4020","2013","01","4","Monday"
"SAV","2013-01-22","1.99","2.07","1.94","2.01","3280","2013","01","4","Tuesday"
"SAV","2013-01-23","2.01","2.01","1.94","2.01","2920","2013","01","4","Wednesday"
"SAV","2013-01-24","1.91","2.01","1.91","2.01","940","2013","01","4","Thursday"
"SAV","2013-01-25","1.96","2.09","1.88","2.09","10670","2013","01","4","Friday"
"SAV","2013-01-28","1.99","2.07","1.96","1.99","17010","2013","01","5","Monday"
"SAV","2013-01-29","1.99","2.01","1.96","1.96","3210","2013","01","5","Tuesday"
"SAV","2013-01-30","1.96","2.01","1.96","2.01","3580","2013","01","5","Wednesday"
"SAV","2013-01-31","1.96","1.99","1.96","1.96","9670","2013","01","5","Thursday"
"SAV","2013-02-01","1.94","2.04","1.94","2.04","6990","2013","02","5","Friday"
"SAV","2013-02-04","1.99","2.01","1.96","2.01","20340","2013","02","6","Monday"
"SAV","2013-02-05","2.01","2.01","1.94","1.96","2560","2013","02","6","Tuesday"
"SAV","2013-02-06","1.99","2.04","1.99","2.04","2660","2013","02","6","Wednesday"
"SAV","2013-02-07","1.96","2.07","1.96","2.07","20","2013","02","6","Thursday"
"SAV","2013-02-08","2.04","2.07","2.04","2.04","22010","2013","02","6","Friday"
"SAV","2013-02-18","2.04","2.09","2.04","2.09","6700","2013","02","8","Monday"
"SAV","2013-02-19","2.09","2.09","2.01","2.09","33210","2013","02","8","Tuesday"
"SAV","2013-02-20","2.01","2.09","2.01","2.09","110","2013","02","8","Wednesday"
"SAV","2013-02-21","2.07","2.07","1.96","1.96","20220","2013","02","8","Thursday"
"SAV","2013-02-22","2.07","2.07","1.96","1.96","2050","2013","02","8","Friday"
"SAV","2013-02-25","1.99","1.99","1.96","1.96","2110","2013","02","9","Monday"
"SAV","2013-02-26","1.96","1.99","1.85","1.85","17440","2013","02","9","Tuesday"
"SAV","2013-02-27","1.91","1.96","1.88","1.91","6430","2013","02","9","Wednesday"
"SAV","2013-02-28","1.91","1.96","1.91","1.94","2660","2013","02","9","Thursday"
"SAV","2013-03-01","1.94","1.94","1.94","1.94","4500","2013","03","9","Friday"
"SAV","2013-03-04","1.94","1.94","1.85","1.88","9670","2013","03","10","Monday"
"SAV","2013-03-05","1.85","1.91","1.83","1.88","8290","2013","03","10","Tuesday"
"SAV","2013-03-06","1.85","1.88","1.85","1.85","1320","2013","03","10","Wednesday"
"SAV","2013-03-07","1.85","1.94","1.85","1.88","4590","2013","03","10","Thursday"
"SAV","2013-03-08","1.94","1.94","1.94","1.94","10","2013","03","10","Friday"
"SAV","2013-03-11","1.94","1.96","1.91","1.96","2140","2013","03","11","Monday"
"SAV","2013-03-12","1.96","1.96","1.88","1.88","3070","2013","03","11","Tuesday"
"SAV","2013-03-13","1.91","1.96","1.88","1.96","6870","2013","03","11","Wednesday"
"SAV","2013-03-14","1.99","1.99","1.94","1.96","3820","2013","03","11","Thursday"
"SAV","2013-03-15","1.96","2.01","1.94","1.96","440","2013","03","11","Friday"
"SAV","2013-03-18","1.94","1.94","1.94","1.94","130","2013","03","12","Monday"
"SAV","2013-03-19","1.99","1.99","1.91","1.94","15050","2013","03","12","Tuesday"
"SAV","2013-03-20","1.94","2.01","1.94","2.01","17100","2013","03","12","Wednesday"
"SAV","2013-03-21","2.01","2.01","1.99","2.01","2120","2013","03","12","Thursday"
"SAV","2013-03-22","2.01","2.01","1.99","1.99","27010","2013","03","12","Friday"
"SAV","2013-03-25","1.99","2.07","1.99","2.01","19350","2013","03","13","Monday"
"SAV","2013-03-26","2.04","2.07","2.01","2.07","14080","2013","03","13","Tuesday"
"SAV","2013-03-27","2.07","2.07","1.96","2.04","19320","2013","03","13","Wednesday"
"SAV","2013-03-28","1.99","1.99","1.99","1.99","7820","2013","03","13","Thursday"
"SAV","2013-03-29","1.99","2.01","1.96","2.01","16340","2013","03","13","Friday"
"SAV","2013-04-01","1.99","2.04","1.99","2.04","7400","2013","04","14","Monday"
"SAV","2013-04-02","2.03","2.11","2","2.08","3830","2013","04","14","Tuesday"
"SAV","2013-04-03","2.08","2.08","2","2","3640","2013","04","14","Wednesday"
"SAV","2013-04-04","1.97","2","1.94","1.94","5620","2013","04","14","Thursday"
"SAV","2013-04-05","1.97","2.03","1.94","1.97","2110","2013","04","14","Friday"
"SAV","2013-04-08","1.94","2","1.94","2","1220","2013","04","15","Monday"
"SAV","2013-04-09","2","2.03","1.94","2","5560","2013","04","15","Tuesday"
"SAV","2013-04-10","1.97","1.97","1.94","1.94","7590","2013","04","15","Wednesday"
"SAV","2013-04-11","2","2.03","1.91","1.91","10710","2013","04","15","Thursday"
"SAV","2013-04-12","2","2","1.91","1.91","1430","2013","04","15","Friday"
"SAV","2013-04-15","2","2","1.94","1.97","12410","2013","04","16","Monday"
"SAV","2013-04-16","1.94","1.97","1.91","1.94","5690","2013","04","16","Tuesday"
"SAV","2013-04-17","1.94","2","1.94","2","1360","2013","04","16","Wednesday"
"SAV","2013-04-18","2","2.08","1.94","2.08","7750","2013","04","16","Thursday"
"SAV","2013-04-22","2.03","2.03","2","2.03","4550","2013","04","17","Monday"
"SAV","2013-04-23","2","2","2","2","10","2013","04","17","Tuesday"
"SAV","2013-04-24","2.03","2.06","2.03","2.03","8960","2013","04","17","Wednesday"
"SAV","2013-04-25","2.11","2.11","2.03","2.06","3020","2013","04","17","Thursday"
"SAV","2013-04-26","2.06","2.08","2.06","2.08","5710","2013","04","17","Friday"
"SAV","2013-05-02","2.17","2.2","2.17","2.2","34030","2013","05","18","Thursday"
"SAV","2013-05-03","2.29","2.35","2.2","2.35","124490","2013","05","18","Friday"
"SAV","2013-05-06","2.5","2.5","2.5","2.5","47520","2013","05","19","Monday"
"SAV","2013-05-07","2.64","2.64","2.64","2.64","17740","2013","05","19","Tuesday"
"SAV","2013-05-08","2.82","2.82","2.82","2.82","3210","2013","05","19","Wednesday"
"SAV","2013-05-09","3","3","2.88","2.97","128550","2013","05","19","Thursday"
"SAV","2013-05-10","2.82","2.91","2.79","2.79","31540","2013","05","19","Friday"
"SAV","2013-05-13","2.76","2.82","2.73","2.73","7050","2013","05","20","Monday"
"SAV","2013-05-14","2.73","2.73","2.56","2.56","29820","2013","05","20","Tuesday"
"SAV","2013-05-15","2.5","2.73","2.47","2.7","11380","2013","05","20","Wednesday"
"SAV","2013-05-16","2.7","2.7","2.56","2.56","130","2013","05","20","Thursday"
"SAV","2013-05-17","2.67","2.67","2.5","2.64","16160","2013","05","20","Friday"
"SAV","2013-05-20","2.61","2.64","2.52","2.64","4550","2013","05","21","Monday"
"SAV","2013-05-21","2.58","2.64","2.58","2.64","3150","2013","05","21","Tuesday"
"SAV","2013-05-22","2.58","2.58","2.5","2.5","8100","2013","05","21","Wednesday"
"SAV","2013-05-23","2.5","2.58","2.41","2.52","15270","2013","05","21","Thursday"
"SAV","2013-05-24","2.56","2.56","2.47","2.47","1120","2013","05","21","Friday"
"SAV","2013-05-27","2.52","2.61","2.5","2.56","3120","2013","05","22","Monday"
"SAV","2013-05-28","2.52","2.64","2.47","2.47","9630","2013","05","22","Tuesday"
"SAV","2013-05-29","2.56","2.56","2.47","2.52","10090","2013","05","22","Wednesday"
"SAV","2013-05-30","2.5","2.58","2.47","2.52","20570","2013","05","22","Thursday"
"SAV","2013-05-31","2.5","2.58","2.5","2.58","34230","2013","05","22","Friday"
"SAV","2013-06-03","2.56","2.56","2.52","2.56","1200","2013","06","23","Monday"
"SAV","2013-06-04","2.61","2.61","2.47","2.47","720","2013","06","23","Tuesday"
"SAV","2013-06-05","2.44","2.47","2.44","2.44","19090","2013","06","23","Wednesday"
"SAV","2013-06-06","2.44","2.56","2.41","2.44","15080","2013","06","23","Thursday"
"SAV","2013-06-07","2.47","2.58","2.44","2.52","23980","2013","06","23","Friday"
"SAV","2013-06-10","2.58","2.58","2.5","2.58","2260","2013","06","24","Monday"
"SAV","2013-06-11","2.58","2.61","2.52","2.52","140","2013","06","24","Tuesday"
"SAV","2013-06-12","2.44","2.5","2.35","2.47","6350","2013","06","24","Wednesday"
"SAV","2013-06-13","2.44","2.5","2.44","2.47","2020","2013","06","24","Thursday"
"SAV","2013-06-14","2.47","2.47","2.44","2.44","12150","2013","06","24","Friday"
"SAV","2013-06-17","2.47","2.47","2.41","2.44","22010","2013","06","25","Monday"
"SAV","2013-06-18","2.44","2.44","2.32","2.41","19770","2013","06","25","Tuesday"
"SAV","2013-06-19","2.35","2.5","2.35","2.41","1280","2013","06","25","Wednesday"
"SAV","2013-06-20","2.47","2.47","2.38","2.44","340","2013","06","25","Thursday"
"SAV","2013-06-21","2.44","2.44","2.41","2.41","1410","2013","06","25","Friday"
"SAV","2013-06-24","2.41","2.47","2.35","2.47","6240","2013","06","26","Monday"
"SAV","2013-06-25","2.38","2.44","2.32","2.44","36930","2013","06","26","Tuesday"
"SAV","2013-06-26","2.32","2.44","2.32","2.44","17920","2013","06","26","Wednesday"
"SAV","2013-06-27","2.44","2.44","2.44","2.44","10","2013","06","26","Thursday"
"SAV","2013-06-28","2.35","2.35","2.35","2.35","10","2013","06","26","Friday"
"SAV","2013-07-01","2.32","2.35","2.32","2.32","1260","2013","07","27","Monday"
"SAV","2013-07-02","2.29","2.41","2.29","2.38","240","2013","07","27","Tuesday"
"SAV","2013-07-03","2.47","2.47","2.32","2.44","590","2013","07","27","Wednesday"
"SAV","2013-07-04","2.44","2.44","2.35","2.41","39410","2013","07","27","Thursday"
"SAV","2013-07-05","2.44","2.44","2.35","2.41","14910","2013","07","27","Friday"
"SAV","2013-07-08","2.41","2.44","2.41","2.44","14930","2013","07","28","Monday"
"SAV","2013-07-09","2.47","2.47","2.44","2.44","1510","2013","07","28","Tuesday"
"SAV","2013-07-10","2.41","2.44","2.41","2.41","3640","2013","07","28","Wednesday"
"SAV","2013-07-11","2.38","2.47","2.38","2.41","1130","2013","07","28","Thursday"
"SAV","2013-07-12","2.41","2.5","2.41","2.5","9220","2013","07","28","Friday"
"SAV","2013-07-15","2.44","2.58","2.44","2.58","7460","2013","07","29","Monday"
"SAV","2013-07-16","2.52","2.52","2.5","2.52","10500","2013","07","29","Tuesday"
"SAV","2013-07-17","2.47","2.52","2.47","2.52","2530","2013","07","29","Wednesday"
"SAV","2013-07-18","2.5","2.64","2.44","2.44","2890","2013","07","29","Thursday"
"SAV","2013-07-19","2.44","2.52","2.44","2.44","5210","2013","07","29","Friday"
"SAV","2013-07-22","2.47","2.58","2.47","2.58","4320","2013","07","30","Monday"
"SAV","2013-07-23","2.52","2.52","2.47","2.47","1310","2013","07","30","Tuesday"
"SAV","2013-07-24","2.52","2.52","2.41","2.41","12640","2013","07","30","Wednesday"
"SAV","2013-07-25","2.41","2.41","2.41","2.41","10","2013","07","30","Thursday"
"SAV","2013-07-26","2.47","2.47","2.47","2.47","20","2013","07","30","Friday"
"SAV","2013-07-30","2.44","2.44","2.41","2.41","830","2013","07","31","Tuesday"
"SAV","2013-07-31","2.41","2.47","2.41","2.47","9250","2013","07","31","Wednesday"
"SAV","2013-08-02","2.47","2.47","2.44","2.47","11110","2013","08","31","Friday"
"SAV","2013-08-05","2.47","2.47","2.44","2.44","8310","2013","08","32","Monday"
"SAV","2013-08-06","2.35","2.44","2.35","2.41","6530","2013","08","32","Tuesday"
"SAV","2013-08-07","2.41","2.41","2.41","2.41","610","2013","08","32","Wednesday"
"SAV","2013-08-08","2.44","2.44","2.41","2.41","6100","2013","08","32","Thursday"
"SAV","2013-08-09","2.41","2.41","2.41","2.41","8820","2013","08","32","Friday"
"SAV","2013-08-12","2.44","2.44","2.41","2.41","370","2013","08","33","Monday"
"SAV","2013-08-13","2.41","2.44","2.41","2.41","2510","2013","08","33","Tuesday"
"SAV","2013-08-14","2.47","2.47","2.44","2.47","580","2013","08","33","Wednesday"
"SAV","2013-08-15","2.5","2.5","2.5","2.5","4310","2013","08","33","Thursday"
"SAV","2013-08-16","2.41","2.41","2.41","2.41","10","2013","08","33","Friday"
"SAV","2013-08-19","2.35","2.44","2.35","2.38","7010","2013","08","34","Monday"
"SAV","2013-08-20","2.44","2.44","2.44","2.44","700","2013","08","34","Tuesday"
"SAV","2013-08-21","2.44","2.44","2.41","2.44","4060","2013","08","34","Wednesday"
"SAV","2013-08-22","2.44","2.5","2.41","2.41","2840","2013","08","34","Thursday"
"SAV","2013-08-23","2.41","2.44","2.41","2.44","3390","2013","08","34","Friday"
"SAV","2013-08-26","2.44","2.44","2.38","2.38","560","2013","08","35","Monday"
"SAV","2013-08-27","2.41","2.41","2.41","2.41","1400","2013","08","35","Tuesday"
"SAV","2013-08-28","2.41","2.47","2.41","2.47","2510","2013","08","35","Wednesday"
"SAV","2013-08-29","2.44","2.44","2.44","2.44","3010","2013","08","35","Thursday"
"SAV","2013-08-30","2.44","2.44","2.41","2.41","4230","2013","08","35","Friday"
"SAV","2013-09-03","2.44","2.44","2.41","2.41","5250","2013","09","36","Tuesday"
"SAV","2013-09-04","2.44","2.44","2.41","2.44","9730","2013","09","36","Wednesday"
"SAV","2013-09-05","2.44","2.5","2.44","2.44","3470","2013","09","36","Thursday"
"SAV","2013-09-06","2.47","2.5","2.47","2.5","1510","2013","09","36","Friday"
"SAV","2013-09-09","2.44","2.5","2.44","2.47","6350","2013","09","37","Monday"
"SAV","2013-09-10","2.44","2.52","2.44","2.47","1260","2013","09","37","Tuesday"
"SAV","2013-09-11","2.44","2.58","2.44","2.52","2130","2013","09","37","Wednesday"
"SAV","2013-09-12","2.5","2.61","2.5","2.61","20","2013","09","37","Thursday"
"SAV","2013-09-13","2.52","2.58","2.52","2.56","530","2013","09","37","Friday"
"SAV","2013-09-17","2.56","2.56","2.56","2.56","10","2013","09","38","Tuesday"
"SAV","2013-09-18","2.52","2.52","2.52","2.52","50","2013","09","38","Wednesday"
"SAV","2013-09-19","2.52","2.52","2.52","2.52","7670","2013","09","38","Thursday"
"SAV","2013-09-20","2.52","2.52","2.5","2.52","2240","2013","09","38","Friday"
"SAV","2013-09-23","2.47","2.47","2.47","2.47","20","2013","09","39","Monday"
"SAV","2013-09-24","2.47","2.56","2.47","2.5","260","2013","09","39","Tuesday"
"SAV","2013-09-26","2.5","2.5","2.47","2.47","40","2013","09","39","Thursday"
"SAV","2013-09-27","2.47","2.58","2.47","2.58","1770","2013","09","39","Friday"
"SAV","2013-09-30","2.58","2.58","2.58","2.58","1000","2013","09","40","Monday"
"SAV","2013-10-01","2.73","2.73","2.73","2.73","10","2013","10","40","Tuesday"
"SAV","2013-10-02","2.64","2.64","2.56","2.56","15560","2013","10","40","Wednesday"
"SAV","2013-10-03","2.52","2.7","2.52","2.7","1250","2013","10","40","Thursday"
"SAV","2013-10-04","2.52","2.58","2.52","2.52","30","2013","10","40","Friday"
"SAV","2013-10-07","2.44","2.44","2.41","2.44","25040","2013","10","41","Monday"
"SAV","2013-10-08","2.47","2.47","2.41","2.41","6010","2013","10","41","Tuesday"
"SAV","2013-10-09","2.41","2.5","2.41","2.44","2510","2013","10","41","Wednesday"
"SAV","2013-10-10","2.52","2.52","2.47","2.5","1470","2013","10","41","Thursday"
"SAV","2013-10-11","2.47","2.47","2.47","2.47","20","2013","10","41","Friday"
"SAV","2013-10-14","2.44","2.58","2.44","2.58","20","2013","10","42","Monday"
"SAV","2013-10-15","2.58","2.64","2.41","2.41","15240","2013","10","42","Tuesday"
"SAV","2013-10-16","2.56","2.56","2.5","2.5","2500","2013","10","42","Wednesday"
"SAV","2013-10-17","2.5","2.5","2.47","2.47","80","2013","10","42","Thursday"
"SAV","2013-10-18","2.5","2.61","2.5","2.5","8100","2013","10","42","Friday"
"SAV","2013-10-21","2.5","2.64","2.5","2.64","6840","2013","10","43","Monday"
"SAV","2013-10-22","2.61","2.7","2.58","2.64","60","2013","10","43","Tuesday"
"SAV","2013-10-23","2.79","2.79","2.61","2.76","150","2013","10","43","Wednesday"
"SAV","2013-10-24","2.76","2.76","2.58","2.58","8460","2013","10","43","Thursday"
"SAV","2013-10-25","2.61","2.76","2.61","2.76","80","2013","10","43","Friday"
"SAV","2013-10-28","2.76","2.79","2.64","2.76","7650","2013","10","44","Monday"
"SAV","2013-10-29","2.76","2.85","2.58","2.58","1840","2013","10","44","Tuesday"
"SAV","2013-10-30","2.76","2.76","2.58","2.58","20","2013","10","44","Wednesday"
"SAV","2013-10-31","2.64","2.76","2.61","2.64","930","2013","10","44","Thursday"
"SAV","2013-11-01","2.61","2.7","2.61","2.61","12490","2013","11","44","Friday"
"SAV","2013-11-04","2.76","2.76","2.61","2.64","90","2013","11","45","Monday"
"SAV","2013-11-05","2.67","2.79","2.58","2.7","12000","2013","11","45","Tuesday"
"SAV","2013-11-06","2.79","2.85","2.64","2.82","12120","2013","11","45","Wednesday"
"SAV","2013-11-07","2.85","2.94","2.85","2.94","80","2013","11","45","Thursday"
"SAV","2013-11-08","2.97","3.08","2.82","3","430","2013","11","45","Friday"
"SAV","2013-11-11","2.79","3.08","2.79","3.02","8870","2013","11","46","Monday"
"SAV","2013-11-12","3.05","3.05","2.82","2.82","12030","2013","11","46","Tuesday"
"SAV","2013-11-13","2.97","3","2.67","2.67","480","2013","11","46","Wednesday"
"SAV","2013-11-14","2.64","2.79","2.64","2.79","4590","2013","11","46","Thursday"
"SAV","2013-11-15","2.7","2.79","2.64","2.64","3590","2013","11","46","Friday"
"SAV","2013-11-18","2.67","2.82","2.67","2.82","27370","2013","11","47","Monday"
"SAV","2013-11-19","2.88","3","2.82","2.82","23700","2013","11","47","Tuesday"
"SAV","2013-11-20","2.88","2.94","2.79","2.79","2530","2013","11","47","Wednesday"
"SAV","2013-11-21","2.73","2.88","2.73","2.79","3080","2013","11","47","Thursday"
"SAV","2013-11-22","2.76","2.88","2.76","2.82","8650","2013","11","47","Friday"
"SAV","2013-11-25","2.85","3","2.85","3","127110","2013","11","48","Monday"
"SAV","2013-11-26","3.2","3.2","3.2","3.2","6420","2013","11","48","Tuesday"
"SAV","2013-11-27","3.41","3.41","3.41","3.41","105840","2013","11","48","Wednesday"
"SAV","2013-11-28","3.64","3.64","3.61","3.64","199030","2013","11","48","Thursday"
"SAV","2013-11-29","3.88","3.88","3.85","3.88","221490","2013","11","48","Friday"
"SAV","2013-12-02","4.14","4.14","4.14","4.14","147470","2013","12","49","Monday"
"SAV","2013-12-03","4.38","4.41","4.38","4.41","45950","2013","12","49","Tuesday"
"SAV","2013-12-04","4.41","4.67","4.41","4.41","190490","2013","12","49","Wednesday"
"SAV","2013-12-05","4.29","4.38","4.11","4.11","46020","2013","12","49","Thursday"
"SAV","2013-12-06","3.96","4.29","3.96","4.29","51420","2013","12","49","Friday"
"SAV","2013-12-09","4.38","4.38","4.11","4.11","46940","2013","12","50","Monday"
"SAV","2013-12-10","4.05","4.11","3.96","4.08","50560","2013","12","50","Tuesday"
"SAV","2013-12-11","3.96","4.05","3.91","4.05","50900","2013","12","50","Wednesday"
"SAV","2013-12-12","4.05","4.26","3.96","4.23","33970","2013","12","50","Thursday"
"SAV","2013-12-13","4.23","4.29","4.08","4.08","11680","2013","12","50","Friday"
"SAV","2013-12-16","4.26","4.26","4.02","4.02","2010","2013","12","51","Monday"
"SAV","2013-12-17","4.11","4.26","4.02","4.17","8060","2013","12","51","Tuesday"
"SAV","2013-12-18","3.99","4.23","3.99","4.23","16890","2013","12","51","Wednesday"
"SAV","2013-12-19","4.23","4.29","4.11","4.26","19000","2013","12","51","Thursday"
"SAV","2013-12-20","4.11","4.26","4.11","4.26","19220","2013","12","51","Friday"
"SAV","2013-12-23","4.38","4.38","4.05","4.05","33530","2013","12","52","Monday"
"SAV","2013-12-24","4.26","4.26","3.96","4.11","6970","2013","12","52","Tuesday"
"SAV","2013-12-26","4.11","4.11","3.88","3.88","22790","2013","12","52","Thursday"
"SAV","2013-12-27","4.05","4.11","3.82","3.82","7710","2013","12","52","Friday"
"SAV","2013-12-30","3.96","3.96","3.82","3.82","1830","2013","12","1","Monday"
"SAV","2013-12-31","3.82","3.96","3.82","3.96","11750","2013","12","1","Tuesday"
"SAV","2014-01-02","3.99","3.99","3.82","3.96","2040","2014","01","1","Thursday"
"SAV","2014-01-03","3.82","3.82","3.82","3.82","1000","2014","01","1","Friday"
"SAV","2014-01-06","3.94","3.94","3.82","3.82","1030","2014","01","2","Monday"
"SAV","2014-01-07","3.76","3.82","3.76","3.76","14320","2014","01","2","Tuesday"
"SAV","2014-01-08","3.79","3.82","3.67","3.82","8390","2014","01","2","Wednesday"
"SAV","2014-01-09","3.82","3.96","3.79","3.82","7510","2014","01","2","Thursday"
"SAV","2014-01-10","3.76","4.08","3.7","3.82","33170","2014","01","2","Friday"
"SAV","2014-01-13","3.96","3.96","3.82","3.94","1390","2014","01","3","Monday"
"SAV","2014-01-14","3.82","3.94","3.82","3.94","5010","2014","01","3","Tuesday"
"SAV","2014-01-15","3.88","3.91","3.7","3.91","35500","2014","01","3","Wednesday"
"SAV","2014-01-16","3.91","3.91","3.7","3.7","9190","2014","01","3","Thursday"
"SAV","2014-01-17","3.85","3.85","3.67","3.82","18650","2014","01","3","Friday"
"SAV","2014-01-20","3.82","3.82","3.55","3.76","31970","2014","01","4","Monday"
"SAV","2014-01-21","3.67","3.7","3.61","3.7","2810","2014","01","4","Tuesday"
"SAV","2014-01-22","3.67","3.73","3.64","3.7","12100","2014","01","4","Wednesday"
"SAV","2014-01-23","3.58","3.76","3.52","3.76","20490","2014","01","4","Thursday"
"SAV","2014-01-24","3.61","3.61","3.61","3.61","500","2014","01","4","Friday"
"SAV","2014-01-27","3.64","3.82","3.64","3.76","1110","2014","01","5","Monday"
"SAV","2014-02-06","3.73","3.76","3.67","3.76","1710","2014","02","6","Thursday"
"SAV","2014-02-07","3.76","3.76","3.7","3.7","1350","2014","02","6","Friday"
"SAV","2014-02-10","3.7","3.88","3.7","3.73","33690","2014","02","7","Monday"
"SAV","2014-02-11","3.82","3.91","3.82","3.82","38780","2014","02","7","Tuesday"
"SAV","2014-02-12","3.85","3.88","3.85","3.85","11370","2014","02","7","Wednesday"
"SAV","2014-02-13","3.88","3.88","3.76","3.85","38260","2014","02","7","Thursday"
"SAV","2014-02-14","3.88","3.88","3.79","3.88","3260","2014","02","7","Friday"
"SAV","2014-02-17","3.79","3.88","3.79","3.82","33990","2014","02","8","Monday"
"SAV","2014-02-18","3.82","3.91","3.82","3.88","24950","2014","02","8","Tuesday"
"SAV","2014-02-19","4.11","4.14","4.11","4.14","78910","2014","02","8","Wednesday"
"SAV","2014-02-20","4.38","4.38","4.05","4.14","45670","2014","02","8","Thursday"
"SAV","2014-02-21","3.88","4.26","3.88","4.17","10770","2014","02","8","Friday"
"SAV","2014-02-24","4.2","4.2","4.08","4.14","32760","2014","02","9","Monday"
"SAV","2014-02-25","3.91","4.32","3.91","4.14","6950","2014","02","9","Tuesday"
"SAV","2014-02-26","4.26","4.41","4.17","4.41","139650","2014","02","9","Wednesday"
"SAV","2014-02-27","4.67","4.7","4.61","4.7","82870","2014","02","9","Thursday"
"SAV","2014-02-28","4.96","4.96","4.7","4.79","15580","2014","02","9","Friday"
"SAV","2014-03-03","4.79","4.79","4.46","4.46","33810","2014","03","10","Monday"
"SAV","2014-03-04","4.46","4.46","4.2","4.41","13690","2014","03","10","Tuesday"
"SAV","2014-03-05","4.64","4.64","4.41","4.46","4620","2014","03","10","Wednesday"
"SAV","2014-03-06","4.49","4.52","4.26","4.26","32330","2014","03","10","Thursday"
"SAV","2014-03-07","4.26","4.52","4.26","4.49","8370","2014","03","10","Friday"
"SAV","2014-03-10","4.41","4.49","4.35","4.38","8580","2014","03","11","Monday"
"SAV","2014-03-11","4.49","4.49","4.35","4.41","8410","2014","03","11","Tuesday"
"SAV","2014-03-12","4.32","4.43","4.26","4.38","32140","2014","03","11","Wednesday"
"SAV","2014-03-13","4.32","4.41","4.32","4.41","26430","2014","03","11","Thursday"
"SAV","2014-03-14","4.52","4.7","4.43","4.7","192330","2014","03","11","Friday"
"SAV","2014-03-17","5.02","5.02","5.02","5.02","33910","2014","03","12","Monday"
"SAV","2014-03-18","5.34","5.34","5.34","5.34","25290","2014","03","12","Tuesday"
"SAV","2014-03-19","5.7","5.7","5.34","5.64","245740","2014","03","12","Wednesday"
"SAV","2014-03-20","5.73","5.73","5.43","5.43","65840","2014","03","12","Thursday"
"SAV","2014-03-21","5.43","5.61","5.4","5.46","106910","2014","03","12","Friday"
"SAV","2014-03-24","5.46","5.64","5.28","5.28","58960","2014","03","13","Monday"
"SAV","2014-03-25","5.25","5.34","5.25","5.31","33880","2014","03","13","Tuesday"
"SAV","2014-03-26","5.37","5.37","5.1","5.31","24380","2014","03","13","Wednesday"
"SAV","2014-03-27","5.25","5.25","5.19","5.19","13630","2014","03","13","Thursday"
"SAV","2014-03-28","5.16","5.25","5.16","5.19","8690","2014","03","13","Friday"
"SAV","2014-03-31","5.1","5.19","4.95","5.19","44550","2014","03","14","Monday"
"SAV","2014-04-01","4.98","5.07","4.86","4.86","46370","2014","04","14","Tuesday"
"SAV","2014-04-02","4.86","4.86","4.71","4.71","7740","2014","04","14","Wednesday"
"SAV","2014-04-03","5.01","5.01","4.53","4.71","13730","2014","04","14","Thursday"
"SAV","2014-04-04","4.8","4.8","4.59","4.71","1250","2014","04","14","Friday"
"SAV","2014-04-07","4.71","5.01","4.71","5.01","55780","2014","04","15","Monday"
"SAV","2014-04-08","5.34","5.34","4.95","4.95","5230","2014","04","15","Tuesday"
"SAV","2014-04-10","5.01","5.22","4.95","5.22","10570","2014","04","15","Thursday"
"SAV","2014-04-11","5.04","5.25","4.95","5.25","3160","2014","04","15","Friday"
"SAV","2014-04-14","5.34","5.34","5.01","5.25","1480","2014","04","16","Monday"
"SAV","2014-04-15","4.89","5.19","4.89","5.1","3770","2014","04","16","Tuesday"
"SAV","2014-04-16","4.92","4.92","4.77","4.77","6620","2014","04","16","Wednesday"
"SAV","2014-04-17","4.95","5.1","4.95","5.1","95060","2014","04","16","Thursday"
"SAV","2014-04-18","5.31","5.31","5.1","5.19","8030","2014","04","16","Friday"
"SAV","2014-04-21","5.07","5.31","4.86","4.86","13310","2014","04","17","Monday"
"SAV","2014-04-22","5.01","5.01","4.8","4.95","7660","2014","04","17","Tuesday"
"SAV","2014-04-23","5.07","5.19","4.95","5.04","61990","2014","04","17","Wednesday"
"SAV","2014-04-24","5.22","5.22","5.07","5.16","44240","2014","04","17","Thursday"
"SAV","2014-04-25","5.16","5.16","5.07","5.13","66190","2014","04","17","Friday"
"SAV","2014-04-28","5.1","5.4","5.1","5.4","17460","2014","04","18","Monday"
"SAV","2014-04-29","5.46","5.46","5.1","5.34","45220","2014","04","18","Tuesday"
"SAV","2014-05-05","5.13","5.13","5.01","5.04","49340","2014","05","19","Monday"
"SAV","2014-05-06","5.04","5.16","5.04","5.16","35110","2014","05","19","Tuesday"
"SAV","2014-05-07","5.1","5.19","5.1","5.16","5460","2014","05","19","Wednesday"
"SAV","2014-05-08","5.07","5.07","4.8","5.01","57250","2014","05","19","Thursday"
"SAV","2014-05-09","5.07","5.1","4.83","5.1","1830","2014","05","19","Friday"
"SAV","2014-05-13","4.8","5.07","4.8","5.07","2580","2014","05","20","Tuesday"
"SAV","2014-05-14","5.07","5.07","5.07","5.07","5630","2014","05","20","Wednesday"
"SAV","2014-05-15","4.8","5.07","4.74","4.74","3010","2014","05","20","Thursday"
"SAV","2014-05-16","4.8","4.8","4.41","4.8","13470","2014","05","20","Friday"
"SAV","2014-05-19","4.8","4.8","4.47","4.47","6940","2014","05","21","Monday"
"SAV","2014-05-20","4.71","4.77","4.71","4.77","32670","2014","05","21","Tuesday"
"SAV","2014-05-21","4.95","4.95","4.8","4.92","940","2014","05","21","Wednesday"
"SAV","2014-05-22","4.65","4.92","4.59","4.92","5220","2014","05","21","Thursday"
"SAV","2014-05-23","4.65","4.65","4.59","4.59","5910","2014","05","21","Friday"
"SAV","2014-05-26","4.59","4.59","4.59","4.59","10","2014","05","22","Monday"
"SAV","2014-05-27","4.68","4.68","4.68","4.68","1010","2014","05","22","Tuesday"
"SAV","2014-05-28","4.68","4.77","4.53","4.77","3270","2014","05","22","Wednesday"
"SAV","2014-05-29","4.77","4.77","4.74","4.74","2010","2014","05","22","Thursday"
"SAV","2014-05-30","4.5","4.8","4.47","4.47","14920","2014","05","22","Friday"
"SAV","2014-06-02","4.68","4.68","4.17","4.65","1030","2014","06","23","Monday"
"SAV","2014-06-03","4.35","4.35","4.35","4.35","4530","2014","06","23","Tuesday"
"SAV","2014-06-04","4.23","4.5","4.17","4.26","7160","2014","06","23","Wednesday"
"SAV","2014-06-05","4.5","4.5","4.5","4.5","10","2014","06","23","Thursday"
"SAV","2014-06-09","4.2","4.5","4.2","4.47","3380","2014","06","24","Monday"
"SAV","2014-06-10","4.2","4.2","4.2","4.2","200","2014","06","24","Tuesday"
"SAV","2014-06-11","4.2","4.47","4.2","4.47","6440","2014","06","24","Wednesday"
"SAV","2014-06-12","4.77","4.77","4.35","4.77","1520","2014","06","24","Thursday"
"SAV","2014-06-16","4.44","4.74","4.44","4.44","1960","2014","06","25","Monday"
"SAV","2014-06-17","4.5","4.5","4.23","4.44","720","2014","06","25","Tuesday"
"SAV","2014-06-18","4.38","4.74","4.2","4.74","5000","2014","06","25","Wednesday"
"SAV","2014-06-19","4.41","4.65","4.41","4.41","3370","2014","06","25","Thursday"
"SAV","2014-06-20","4.23","4.59","4.23","4.56","210","2014","06","25","Friday"
"SAV","2014-06-23","4.77","4.77","4.44","4.44","3010","2014","06","26","Monday"
"SAV","2014-06-24","4.62","4.62","4.38","4.38","1460","2014","06","26","Tuesday"
"SAV","2014-06-25","4.44","4.44","4.38","4.38","1440","2014","06","26","Wednesday"
"SAV","2014-06-26","4.35","4.41","4.14","4.41","8440","2014","06","26","Thursday"
"SAV","2014-06-27","4.38","4.41","4.2","4.2","6400","2014","06","26","Friday"
"SAV","2014-06-30","4.05","4.44","4.05","4.44","110","2014","06","27","Monday"
"SAV","2014-07-01","4.38","4.38","4.38","4.38","2600","2014","07","27","Tuesday"
"SAV","2014-07-02","4.2","4.35","4.2","4.35","7100","2014","07","27","Wednesday"
"SAV","2014-07-03","4.32","4.44","4.2","4.35","4520","2014","07","27","Thursday"
"SAV","2014-07-04","4.2","4.44","4.2","4.44","8360","2014","07","27","Friday"
"SAV","2014-07-07","4.26","4.26","4.26","4.26","1150","2014","07","28","Monday"
"SAV","2014-07-08","4.35","4.35","4.35","4.35","10","2014","07","28","Tuesday"
"SAV","2014-07-09","4.35","4.35","4.35","4.35","400","2014","07","28","Wednesday"
"SAV","2014-07-10","4.35","4.41","4.29","4.29","1040","2014","07","28","Thursday"
"SAV","2014-07-11","4.14","4.35","4.14","4.35","1480","2014","07","28","Friday"
"SAV","2014-07-14","4.14","4.32","4.14","4.32","1010","2014","07","29","Monday"
"SAV","2014-07-15","4.41","4.44","4.32","4.35","6830","2014","07","29","Tuesday"
"SAV","2014-07-16","4.35","4.35","4.35","4.35","1300","2014","07","29","Wednesday"
"SAV","2014-07-17","4.14","4.41","4.14","4.41","22060","2014","07","29","Thursday"
"SAV","2014-07-18","4.23","4.44","4.23","4.44","9690","2014","07","29","Friday"
"SAV","2014-07-21","4.35","4.35","4.29","4.35","6510","2014","07","30","Monday"
"SAV","2014-07-23","4.14","4.35","4.14","4.35","4500","2014","07","30","Wednesday"
"SAV","2014-07-24","4.17","4.38","4.11","4.11","36780","2014","07","30","Thursday"
"SAV","2014-07-25","3.96","4.2","3.87","4.2","3500","2014","07","30","Friday"
"SAV","2014-07-28","4.23","4.26","3.99","4.23","1010","2014","07","31","Monday"
"SAV","2014-07-29","4.23","4.23","4.17","4.17","2000","2014","07","31","Tuesday"
"SAV","2014-07-30","4.23","4.23","4.23","4.23","1000","2014","07","31","Wednesday"
"SAV","2014-08-04","3.99","3.99","3.99","3.99","2010","2014","08","32","Monday"
"SAV","2014-08-05","3.99","4.26","3.99","4.23","6020","2014","08","32","Tuesday"
"SAV","2014-08-06","4.17","4.17","4.17","4.17","870","2014","08","32","Wednesday"
"SAV","2014-08-07","4.14","4.26","4.14","4.26","1690","2014","08","32","Thursday"
"SAV","2014-08-08","4.2","4.2","3.99","4.2","10590","2014","08","32","Friday"
"SAV","2014-08-11","4.02","4.2","4.02","4.2","2020","2014","08","33","Monday"
"SAV","2014-08-12","4.17","4.17","4.05","4.05","1030","2014","08","33","Tuesday"
"SAV","2014-08-13","3.9","3.9","3.9","3.9","1060","2014","08","33","Wednesday"
"SAV","2014-08-14","3.9","4.05","3.87","4.05","2010","2014","08","33","Thursday"
"SAV","2014-08-18","3.81","3.99","3.81","3.99","1050","2014","08","34","Monday"
"SAV","2014-08-19","3.78","3.78","3.78","3.78","1000","2014","08","34","Tuesday"
"SAV","2014-08-20","3.66","3.81","3.66","3.81","1490","2014","08","34","Wednesday"
"SAV","2014-08-21","3.69","3.81","3.69","3.81","2470","2014","08","34","Thursday"
"SAV","2014-08-22","3.96","3.96","3.9","3.9","1450","2014","08","34","Friday"
"SAV","2014-08-25","4.02","4.02","4.02","4.02","10","2014","08","35","Monday"
"SAV","2014-08-26","3.81","3.96","3.81","3.87","4120","2014","08","35","Tuesday"
"SAV","2014-08-27","3.96","3.96","3.75","3.75","6010","2014","08","35","Wednesday"
"SAV","2014-08-28","3.99","3.99","3.99","3.99","3350","2014","08","35","Thursday"
"SAV","2014-08-29","4.05","4.2","4.05","4.2","1040","2014","08","35","Friday"
"SAV","2014-09-03","4.2","4.2","3.96","4.2","4560","2014","09","36","Wednesday"
"SAV","2014-09-04","4.05","4.11","3.93","3.96","2310","2014","09","36","Thursday"
"SAV","2014-09-05","3.87","3.87","3.75","3.78","5070","2014","09","36","Friday"
"SAV","2014-09-08","3.78","3.78","3.78","3.78","1870","2014","09","37","Monday"
"SAV","2014-09-09","3.78","3.81","3.78","3.81","3000","2014","09","37","Tuesday"
"SAV","2014-09-10","3.66","3.81","3.66","3.81","1290","2014","09","37","Wednesday"
"SAV","2014-09-12","3.81","3.81","3.69","3.69","5500","2014","09","37","Friday"
"SAV","2014-09-15","3.93","3.93","3.93","3.93","110","2014","09","38","Monday"
"SAV","2014-09-17","3.75","3.75","3.66","3.75","6190","2014","09","38","Wednesday"
"SAV","2014-09-18","3.72","3.93","3.72","3.93","5830","2014","09","38","Thursday"
"SAV","2014-09-19","3.75","3.75","3.72","3.72","3750","2014","09","38","Friday"
"SAV","2014-09-22","3.75","3.78","3.75","3.75","7620","2014","09","39","Monday"
"SAV","2014-09-23","3.75","3.87","3.66","3.84","14820","2014","09","39","Tuesday"
"SAV","2014-09-24","3.78","3.78","3.69","3.69","2500","2014","09","39","Wednesday"
"SAV","2014-09-25","3.66","3.78","3.66","3.78","5820","2014","09","39","Thursday"
"SAV","2014-09-26","3.69","3.69","3.66","3.66","4310","2014","09","39","Friday"
"SAV","2014-09-29","3.75","3.75","3.69","3.69","1560","2014","09","40","Monday"
"SAV","2014-09-30","3.72","3.93","3.72","3.93","62380","2014","09","40","Tuesday"
"SAV","2014-10-01","4.2","4.2","4.2","4.2","2250","2014","10","40","Wednesday"
"SAV","2014-10-02","4.47","4.47","4.44","4.47","278590","2014","10","40","Thursday"
"SAV","2014-10-03","4.74","4.74","4.56","4.65","20010","2014","10","40","Friday"
"SAV","2014-10-06","4.35","4.59","4.35","4.41","8760","2014","10","41","Monday"
"SAV","2014-10-07","4.11","4.41","4.11","4.14","56960","2014","10","41","Tuesday"
"SAV","2014-10-08","3.96","4.14","3.96","4.14","16770","2014","10","41","Wednesday"
"SAV","2014-10-09","4.14","4.35","4.08","4.23","20550","2014","10","41","Thursday"
"SAV","2014-10-10","4.2","4.2","3.96","3.96","10030","2014","10","41","Friday"
"SAV","2014-10-13","3.96","3.96","3.84","3.93","10930","2014","10","42","Monday"
"SAV","2014-10-14","4.14","4.17","4.14","4.17","50","2014","10","42","Tuesday"
"SAV","2014-10-15","4.17","4.17","3.9","4.02","19820","2014","10","42","Wednesday"
"SAV","2014-10-16","3.87","3.99","3.75","3.9","40440","2014","10","42","Thursday"
"SAV","2014-10-17","3.75","3.75","3.66","3.75","15730","2014","10","42","Friday"
"SAV","2014-10-20","3.87","3.99","3.84","3.93","28150","2014","10","43","Monday"
"SAV","2014-10-21","3.9","4.02","3.9","4.02","2930","2014","10","43","Tuesday"
"SAV","2014-10-22","3.75","3.96","3.75","3.87","3130","2014","10","43","Wednesday"
"SAV","2014-10-23","3.75","3.78","3.72","3.72","2750","2014","10","43","Thursday"
"SAV","2014-10-24","3.72","3.75","3.69","3.72","21050","2014","10","43","Friday"
"SAV","2014-10-27","3.93","3.93","3.6","3.6","12380","2014","10","44","Monday"
"SAV","2014-10-28","3.75","3.75","3.69","3.69","5530","2014","10","44","Tuesday"
"SAV","2014-10-29","3.69","3.69","3.57","3.69","17150","2014","10","44","Wednesday"
"SAV","2014-10-30","3.87","3.87","3.63","3.63","2210","2014","10","44","Thursday"
"SAV","2014-10-31","3.63","3.69","3.63","3.66","11690","2014","10","44","Friday"
"SAV","2014-11-03","3.84","3.84","3.66","3.75","7800","2014","11","45","Monday"
"SAV","2014-11-04","3.75","3.75","3.6","3.6","11690","2014","11","45","Tuesday"
"SAV","2014-11-05","3.63","3.84","3.63","3.84","16360","2014","11","45","Wednesday"
"SAV","2014-11-06","4.02","4.02","3.87","3.9","9580","2014","11","45","Thursday"
"SAV","2014-11-07","3.96","3.96","3.96","3.96","90","2014","11","45","Friday"
"SAV","2014-11-10","3.96","3.96","3.96","3.96","8400","2014","11","46","Monday"
"SAV","2014-11-11","3.84","3.84","3.78","3.78","3020","2014","11","46","Tuesday"
"SAV","2014-11-12","3.9","3.96","3.84","3.9","4750","2014","11","46","Wednesday"
"SAV","2014-11-13","3.87","3.93","3.84","3.93","2100","2014","11","46","Thursday"
"SAV","2014-11-14","3.96","3.99","3.87","3.96","13740","2014","11","46","Friday"
"SAV","2014-11-17","3.96","4.02","3.96","3.96","3710","2014","11","47","Monday"
"SAV","2014-11-18","3.96","3.99","3.96","3.99","3740","2014","11","47","Tuesday"
"SAV","2014-11-19","4.05","4.26","4.05","4.2","17890","2014","11","47","Wednesday"
"SAV","2014-11-20","4.08","4.2","4.02","4.2","3010","2014","11","47","Thursday"
"SAV","2014-11-21","4.23","4.23","3.93","4.17","25050","2014","11","47","Friday"
"SAV","2014-11-24","3.93","3.93","3.9","3.93","11610","2014","11","48","Monday"
"SAV","2014-11-25","3.9","4.14","3.87","4.05","2710","2014","11","48","Tuesday"
"SAV","2014-11-26","3.99","4.05","3.96","4.05","4670","2014","11","48","Wednesday"
"SAV","2014-11-27","3.87","4.02","3.84","3.9","5610","2014","11","48","Thursday"
"SAV","2014-11-28","4.05","4.05","3.84","3.84","7810","2014","11","48","Friday"
"SAV","2014-12-02","4.05","4.05","3.9","3.96","1020","2014","12","49","Tuesday"
"SAV","2014-12-03","3.84","3.93","3.84","3.93","1010","2014","12","49","Wednesday"
"SAV","2014-12-04","3.84","3.93","3.78","3.93","11720","2014","12","49","Thursday"
"SAV","2014-12-05","3.84","3.93","3.81","3.93","5470","2014","12","49","Friday"
"SAV","2014-12-08","3.9","3.9","3.9","3.9","10980","2014","12","50","Monday"
"SAV","2014-12-09","3.87","3.99","3.84","3.9","3010","2014","12","50","Tuesday"
"SAV","2014-12-10","3.9","3.9","3.87","3.9","22400","2014","12","50","Wednesday"
"SAV","2014-12-11","3.96","3.96","3.96","3.96","10","2014","12","50","Thursday"
"SAV","2014-12-12","4.02","4.02","3.84","3.93","17020","2014","12","50","Friday"
"SAV","2014-12-15","3.87","3.9","3.81","3.9","5010","2014","12","51","Monday"
"SAV","2014-12-16","3.84","3.84","3.75","3.75","19660","2014","12","51","Tuesday"
"SAV","2014-12-17","3.78","3.87","3.78","3.87","1560","2014","12","51","Wednesday"
"SAV","2014-12-18","3.9","3.9","3.9","3.9","10","2014","12","51","Thursday"
"SAV","2014-12-19","3.9","3.9","3.9","3.9","5000","2014","12","51","Friday"
"SAV","2014-12-22","3.9","3.9","3.78","3.78","6300","2014","12","52","Monday"
"SAV","2014-12-23","3.6","3.81","3.6","3.6","4240","2014","12","52","Tuesday"
"SAV","2014-12-24","3.75","3.84","3.75","3.84","4570","2014","12","52","Wednesday"
"SAV","2014-12-25","3.81","3.87","3.81","3.87","1010","2014","12","52","Thursday"
"SAV","2014-12-26","3.9","3.9","3.84","3.84","110","2014","12","52","Friday"
"SAV","2014-12-29","3.81","3.81","3.81","3.81","5000","2014","12","1","Monday"
"SAV","2014-12-30","3.87","3.87","3.78","3.87","3360","2014","12","1","Tuesday"
"SAV","2015-01-05","3.87","3.87","3.87","3.87","200","2015","01","2","Monday"
"SAV","2015-01-06","3.66","3.69","3.66","3.69","1620","2015","01","2","Tuesday"
"SAV","2015-01-07","3.69","3.84","3.69","3.84","6000","2015","01","2","Wednesday"
"SAV","2015-01-08","3.81","3.9","3.75","3.75","5310","2015","01","2","Thursday"
"SAV","2015-01-09","3.84","3.84","3.84","3.84","10","2015","01","2","Friday"
"SAV","2015-01-12","3.78","3.84","3.75","3.84","8640","2015","01","3","Monday"
"SAV","2015-01-14","3.75","3.75","3.75","3.75","2210","2015","01","3","Wednesday"
"SAV","2015-01-16","3.78","3.78","3.78","3.78","10","2015","01","3","Friday"
"SAV","2015-01-19","3.69","3.72","3.69","3.72","1370","2015","01","4","Monday"
"SAV","2015-01-21","3.72","3.72","3.72","3.72","4300","2015","01","4","Wednesday"
"SAV","2015-01-22","3.72","3.72","3.69","3.69","42360","2015","01","4","Thursday"
"SAV","2015-01-23","3.69","3.75","3.69","3.75","750","2015","01","4","Friday"
"SAV","2015-01-26","3.75","3.84","3.75","3.84","3670","2015","01","5","Monday"
"SAV","2015-01-27","3.69","3.81","3.69","3.81","1530","2015","01","5","Tuesday"
"SAV","2015-01-28","3.75","3.78","3.66","3.66","6430","2015","01","5","Wednesday"
"SAV","2015-01-29","3.69","3.9","3.69","3.69","5290","2015","01","5","Thursday"
"SAV","2015-01-30","3.72","3.81","3.69","3.81","350","2015","01","5","Friday"
"SAV","2015-02-02","3.81","3.81","3.81","3.81","10","2015","02","6","Monday"
"SAV","2015-02-03","3.78","3.78","3.75","3.75","1620","2015","02","6","Tuesday"
"SAV","2015-02-04","3.69","3.75","3.69","3.69","3110","2015","02","6","Wednesday"
"SAV","2015-02-05","3.69","3.69","3.6","3.63","3250","2015","02","6","Thursday"
"SAV","2015-02-06","3.54","3.69","3.54","3.63","1480","2015","02","6","Friday"
"SAV","2015-02-09","3.84","3.84","3.84","3.84","10","2015","02","7","Monday"
"SAV","2015-02-10","3.72","3.72","3.72","3.72","1000","2015","02","7","Tuesday"
"SAV","2015-02-11","3.72","3.78","3.72","3.78","40","2015","02","7","Wednesday"
"SAV","2015-02-12","3.81","3.81","3.81","3.81","10","2015","02","7","Thursday"
"SAV","2015-02-13","3.81","3.9","3.81","3.81","40","2015","02","7","Friday"
"SAV","2015-02-24","3.81","3.81","3.81","3.81","10","2015","02","9","Tuesday"
"SAV","2015-02-26","3.78","3.78","3.78","3.78","30","2015","02","9","Thursday"
"SAV","2015-02-27","3.69","3.78","3.57","3.78","2030","2015","02","9","Friday"
"SAV","2015-03-04","3.6","3.72","3.6","3.69","6240","2015","03","10","Wednesday"
"SAV","2015-03-05","3.63","3.75","3.6","3.6","3440","2015","03","10","Thursday"
"SAV","2015-03-06","3.6","3.69","3.54","3.54","4400","2015","03","10","Friday"
"SAV","2015-03-09","3.78","3.78","3.6","3.72","520","2015","03","11","Monday"
"SAV","2015-03-10","3.6","3.6","3.57","3.57","5000","2015","03","11","Tuesday"
"SAV","2015-03-11","3.6","3.6","3.54","3.54","1500","2015","03","11","Wednesday"
"SAV","2015-03-12","3.51","3.6","3.48","3.6","12050","2015","03","11","Thursday"
"SAV","2015-03-13","3.54","3.54","3.54","3.54","7840","2015","03","11","Friday"
"SAV","2015-03-16","3.54","3.54","3.51","3.54","13810","2015","03","12","Monday"
"SAV","2015-03-17","3.51","3.51","3.51","3.51","9000","2015","03","12","Tuesday"
"SAV","2015-03-18","3.63","3.63","3.51","3.51","510","2015","03","12","Wednesday"
"SAV","2015-03-19","3.45","3.54","3.45","3.54","690","2015","03","12","Thursday"
"SAV","2015-03-20","3.39","3.51","3.36","3.36","2980","2015","03","12","Friday"
"SAV","2015-03-23","3.57","3.57","3.57","3.57","10","2015","03","13","Monday"
"SAV","2015-03-24","3.6","3.6","3.6","3.6","10","2015","03","13","Tuesday"
"SAV","2015-03-25","3.42","3.51","3.39","3.51","11370","2015","03","13","Wednesday"
"SAV","2015-03-26","3.45","3.51","3.45","3.51","2010","2015","03","13","Thursday"
"SAV","2015-03-27","3.45","3.45","3.3","3.3","19310","2015","03","13","Friday"
"SAV","2015-03-30","3.3","3.3","3.27","3.27","2420","2015","03","14","Monday"
"SAV","2015-03-31","3.12","3.48","3.12","3.24","920","2015","03","14","Tuesday"
"SAV","2015-04-01","3.15","3.15","3.06","3.06","7000","2015","04","14","Wednesday"
"SAV","2015-04-02","2.97","3.15","2.97","3.15","6030","2015","04","14","Thursday"
"SAV","2015-04-03","2.97","2.97","2.97","2.97","2000","2015","04","14","Friday"
"SAV","2015-04-06","3","3.15","3","3.15","13110","2015","04","15","Monday"
"SAV","2015-04-07","3.33","3.33","3.27","3.27","810","2015","04","15","Tuesday"
"SAV","2015-04-09","3.3","3.3","3.3","3.3","90","2015","04","15","Thursday"
"SAV","2015-04-13","3.45","3.45","3.42","3.42","20","2015","04","16","Monday"
"SAV","2015-04-14","3.24","3.24","3.24","3.24","210","2015","04","16","Tuesday"
"SAV","2015-04-15","3.36","3.36","3.36","3.36","10","2015","04","16","Wednesday"
"SAV","2015-04-16","3.24","3.24","3.15","3.15","20550","2015","04","16","Thursday"
"SAV","2015-04-17","3.33","3.33","3.33","3.33","10","2015","04","16","Friday"
"SAV","2015-04-20","3.45","3.45","3.45","3.45","10","2015","04","17","Monday"
"SAV","2015-04-23","3.21","3.42","3.21","3.42","110","2015","04","17","Thursday"
"SAV","2015-04-24","3.21","3.21","3.21","3.21","1240","2015","04","17","Friday"
"SAV","2015-04-27","3.33","3.33","3.33","3.33","10","2015","04","18","Monday"
"SAV","2015-05-05","3.36","3.36","3.36","3.36","10","2015","05","19","Tuesday"
"SAV","2015-05-06","3.15","3.36","3.15","3.27","12530","2015","05","19","Wednesday"
"SAV","2015-05-07","3.06","3.24","3.06","3.24","15010","2015","05","19","Thursday"
"SAV","2015-05-08","3.03","3.03","3.03","3.03","5300","2015","05","19","Friday"
"SAV","2015-05-11","2.94","3","2.94","3","1390","2015","05","20","Monday"
"SAV","2015-05-12","3.15","3.15","3.15","3.15","10","2015","05","20","Tuesday"
"SAV","2015-05-14","3.06","3.27","3","3.21","210","2015","05","20","Thursday"
"SAV","2015-05-15","3.24","3.24","3.24","3.24","10","2015","05","20","Friday"
"SAV","2015-05-18","3.03","3.03","3.03","3.03","700","2015","05","21","Monday"
"SAV","2015-05-19","3.21","3.21","3.21","3.21","10","2015","05","21","Tuesday"
"SAV","2015-05-20","3.27","3.27","3","3.21","60","2015","05","21","Wednesday"
"SAV","2015-05-27","3.24","3.24","3.03","3.03","300","2015","05","22","Wednesday"
"SAV","2015-05-28","3.21","3.21","3.03","3.03","90","2015","05","22","Thursday"
"SAV","2015-05-29","3.18","3.18","3.18","3.18","130","2015","05","22","Friday"
"SAV","2015-06-02","3.3","3.3","3.18","3.3","10080","2015","06","23","Tuesday"
"SAV","2015-06-03","3.09","3.09","3.09","3.09","5560","2015","06","23","Wednesday"
"SAV","2015-06-04","3.21","3.21","3.21","3.21","1100","2015","06","23","Thursday"
"SAV","2015-06-08","3.09","3.09","3.09","3.09","15200","2015","06","24","Monday"
"SAV","2015-06-09","3","3","3","3","10","2015","06","24","Tuesday"
"SAV","2015-06-10","3","3","3","3","1000","2015","06","24","Wednesday"
"SAV","2015-06-11","3","3.09","3","3.09","50","2015","06","24","Thursday"
"SAV","2015-06-12","3.09","3.09","3.09","3.09","9500","2015","06","24","Friday"
"SAV","2015-06-15","3","3","3","3","10000","2015","06","25","Monday"
"SAV","2015-06-17","3","3","3","3","2100","2015","06","25","Wednesday"
"SAV","2015-06-18","3","3","3","3","29190","2015","06","25","Thursday"
"SAV","2015-06-19","3","3","3","3","12650","2015","06","25","Friday"
"SAV","2015-06-22","3","3","3","3","4230","2015","06","26","Monday"
"SAV","2015-06-23","3","3","3","3","6800","2015","06","26","Tuesday"
"SAV","2015-06-24","3","3","3","3","7280","2015","06","26","Wednesday"
"SAV","2015-06-25","3","3","3","3","11250","2015","06","26","Thursday"
"SAV","2015-06-26","3","3","2.97","2.97","10010","2015","06","26","Friday"
"SAV","2015-06-29","2.97","3","2.94","3","22180","2015","06","27","Monday"
"SAV","2015-06-30","2.97","2.97","2.97","2.97","5160","2015","06","27","Tuesday"
"SAV","2015-07-01","3.09","3.09","3","3.03","6410","2015","07","27","Wednesday"
"SAV","2015-07-02","3","3","2.97","2.97","3360","2015","07","27","Thursday"
"SAV","2015-07-06","3.03","3.15","3.03","3.15","23990","2015","07","28","Monday"
"SAV","2015-07-07","3.15","3.21","3.15","3.21","3130","2015","07","28","Tuesday"
"SAV","2015-07-08","3.3","3.42","3.21","3.42","27390","2015","07","28","Wednesday"
"SAV","2015-07-09","3.6","3.63","3.57","3.63","12700","2015","07","28","Thursday"
"SAV","2015-07-10","3.63","3.63","3.6","3.6","3060","2015","07","28","Friday"
"SAV","2015-07-13","3.78","3.78","3.48","3.69","3030","2015","07","29","Monday"
"SAV","2015-07-14","3.69","3.69","3.45","3.66","21500","2015","07","29","Tuesday"
"SAV","2015-07-16","3.45","3.57","3.42","3.42","8680","2015","07","29","Thursday"
"SAV","2015-07-17","3.42","3.6","3.42","3.6","610","2015","07","29","Friday"
"SAV","2015-07-20","3.6","3.6","3.36","3.36","10680","2015","07","30","Monday"
"SAV","2015-07-22","3.21","3.36","3.15","3.36","2090","2015","07","30","Wednesday"
"SAV","2015-07-23","3.15","3.36","3.15","3.15","14270","2015","07","30","Thursday"
"SAV","2015-07-24","3.36","3.36","3.09","3.09","2390","2015","07","30","Friday"
"SAV","2015-07-27","3.12","3.12","3.12","3.12","10","2015","07","31","Monday"
"SAV","2015-07-28","3.33","3.33","3.33","3.33","35040","2015","07","31","Tuesday"
"SAV","2015-07-30","3.33","3.51","3.33","3.51","3850","2015","07","31","Thursday"
"SAV","2015-07-31","3.45","3.6","3.45","3.6","5010","2015","07","31","Friday"
"SAV","2015-08-03","3.6","3.6","3.6","3.6","2200","2015","08","32","Monday"
"SAV","2015-08-04","3.6","3.6","3.39","3.39","13210","2015","08","32","Tuesday"
"SAV","2015-08-05","3.39","3.6","3.39","3.6","8270","2015","08","32","Wednesday"
"SAV","2015-08-07","3.36","3.36","3.36","3.36","10","2015","08","32","Friday"
"SAV","2015-08-10","3.57","3.57","3.57","3.57","10","2015","08","33","Monday"
"SAV","2015-08-12","3.57","3.57","3.54","3.54","13100","2015","08","33","Wednesday"
"SAV","2015-08-13","3.45","3.45","3.3","3.3","1870","2015","08","33","Thursday"
"SAV","2015-08-14","3.45","3.45","3.45","3.45","100","2015","08","33","Friday"
"SAV","2015-08-17","3.21","3.21","3.21","3.21","1700","2015","08","34","Monday"
"SAV","2015-08-18","3.03","3.36","3","3.36","5430","2015","08","34","Tuesday"
"SAV","2015-08-19","3.15","3.36","3.15","3.36","6060","2015","08","34","Wednesday"
"SAV","2015-08-20","3.18","3.18","3.15","3.15","6420","2015","08","34","Thursday"
"SAV","2015-08-21","3","3.15","3","3","34810","2015","08","34","Friday"
"SAV","2015-08-24","3.21","3.21","2.85","3.15","26740","2015","08","35","Monday"
"SAV","2015-08-25","2.94","2.94","2.94","2.94","12960","2015","08","35","Tuesday"
"SAV","2015-08-26","3.06","3.06","3.06","3.06","520","2015","08","35","Wednesday"
"SAV","2015-08-27","3.27","3.27","3.27","3.27","10","2015","08","35","Thursday"
"SAV","2015-08-28","3.06","3.06","3.06","3.06","10","2015","08","35","Friday"
"SAV","2015-09-01","3.12","3.12","3.12","3.12","1000","2015","09","36","Tuesday"
"SAV","2015-09-03","3.12","3.12","3.12","3.12","30","2015","09","36","Thursday"
"SAV","2015-09-08","3.03","3.24","3","3.24","5000","2015","09","37","Tuesday"
"SAV","2015-09-11","3.06","3.24","3.06","3.24","1480","2015","09","37","Friday"
"SAV","2015-09-14","3.03","3.24","3.03","3.24","30","2015","09","38","Monday"
"SAV","2015-09-15","3.36","3.36","3.36","3.36","10","2015","09","38","Tuesday"
"SAV","2015-09-17","3.15","3.42","3.15","3.42","20","2015","09","38","Thursday"
"SAV","2015-09-18","3.48","3.48","3.48","3.48","30","2015","09","38","Friday"
"SAV","2015-09-21","3.24","3.45","3.24","3.45","50","2015","09","39","Monday"
"SAV","2015-09-24","3.51","3.51","3.21","3.21","1020","2015","09","39","Thursday"
"SAV","2015-09-28","3.03","3.03","3","3","5000","2015","09","40","Monday"
"SAV","2015-09-30","3.15","3.15","3.15","3.15","10","2015","09","40","Wednesday"
"SAV","2015-10-06","3.3","3.3","2.94","2.94","110","2015","10","41","Tuesday"
"SAV","2015-10-07","2.79","3.12","2.79","3.12","520","2015","10","41","Wednesday"
"SAV","2015-10-08","3.12","3.12","3.12","3.12","2680","2015","10","41","Thursday"
"SAV","2015-10-12","3.21","3.21","2.97","2.97","20","2015","10","42","Monday"
"SAV","2015-10-13","3","3.15","3","3.15","3450","2015","10","42","Tuesday"
"SAV","2015-10-15","3","3","3","3","4000","2015","10","42","Thursday"
"SAV","2015-10-16","2.85","3.21","2.85","2.88","23030","2015","10","42","Friday"
"SAV","2015-10-19","3.06","3.06","3","3.06","5340","2015","10","43","Monday"
"SAV","2015-10-21","3.27","3.27","2.88","2.88","5020","2015","10","43","Wednesday"
"SAV","2015-10-22","2.88","3.06","2.88","3.06","1400","2015","10","43","Thursday"
"SAV","2015-10-23","3.06","3.06","3.06","3.06","320","2015","10","43","Friday"
"SAV","2015-10-27","3.06","3.06","2.85","2.85","200","2015","10","44","Tuesday"
"SAV","2015-10-28","3","3","2.97","2.97","17010","2015","10","44","Wednesday"
"SAV","2015-10-29","3.15","3.15","3.03","3.03","4900","2015","10","44","Thursday"
"SAV","2015-10-30","3.24","3.24","3.24","3.24","10","2015","10","44","Friday"
"SAV","2015-11-02","3.36","3.36","3.24","3.24","20","2015","11","45","Monday"
"SAV","2015-11-05","3.24","3.24","3.24","3.24","10","2015","11","45","Thursday"
"SAV","2015-11-06","3.03","3.03","3.03","3.03","100","2015","11","45","Friday"
"SAV","2015-11-09","3.03","3.03","3.03","3.03","20","2015","11","46","Monday"
"SAV","2015-11-10","2.82","3.03","2.82","2.88","6210","2015","11","46","Tuesday"
"SAV","2015-11-11","2.82","3.06","2.82","3.06","4530","2015","11","46","Wednesday"
"SAV","2015-11-12","3","3","3","3","200","2015","11","46","Thursday"
"SAV","2015-11-13","3.15","3.21","2.85","3.12","1400","2015","11","46","Friday"
"SAV","2015-11-16","3.18","3.18","3.18","3.18","10","2015","11","47","Monday"
"SAV","2015-11-26","2.97","2.97","2.97","2.97","10","2015","11","48","Thursday"
"SAV","2015-11-27","3.12","3.12","3.12","3.12","10","2015","11","48","Friday"
"SAV","2015-11-30","3.3","3.3","3.3","3.3","10","2015","11","49","Monday"
"SAV","2015-12-01","3.3","3.3","3.3","3.3","10","2015","12","49","Tuesday"
"SAV","2015-12-04","3.09","3.09","3.09","3.09","1700","2015","12","49","Friday"
"SAV","2015-12-07","3.09","3.09","3.09","3.09","10","2015","12","50","Monday"
"SAV","2015-12-08","2.88","2.88","2.88","2.88","10","2015","12","50","Tuesday"
"SAV","2015-12-09","2.88","2.88","2.7","2.7","1100","2015","12","50","Wednesday"
"SAV","2015-12-10","2.58","2.58","2.58","2.58","350","2015","12","50","Thursday"
"SAV","2015-12-11","2.76","2.76","2.76","2.76","10","2015","12","50","Friday"
"SAV","2015-12-14","2.94","2.94","2.94","2.94","10","2015","12","51","Monday"
"SAV","2015-12-15","2.97","2.97","2.97","2.97","10","2015","12","51","Tuesday"
"SAV","2015-12-16","3","3.15","2.79","2.79","710","2015","12","51","Wednesday"
"SAV","2015-12-17","2.97","2.97","2.97","2.97","2000","2015","12","51","Thursday"
"SAV","2015-12-21","3.12","3.12","3.12","3.12","10","2015","12","52","Monday"
"SAV","2015-12-24","3.27","3.27","3.27","3.27","10","2015","12","52","Thursday"
"SAV","2015-12-29","3.48","3.48","3.48","3.48","10","2015","12","53","Tuesday"
"SAV","2016-01-08","3.3","3.3","3.3","3.3","1100","2016","01","2","Friday"
"SAV","2016-01-15","3.51","3.51","3.51","3.51","10","2016","01","3","Friday"
"SAV","2016-01-20","3.72","3.72","3.72","3.72","10","2016","01","4","Wednesday"
"SAV","2016-01-25","3.96","3.96","3.96","3.96","10","2016","01","5","Monday"
"SAV","2016-01-29","3.96","3.96","3.96","3.96","10","2016","01","5","Friday"
"SAV","2016-02-01","3.69","3.69","3.69","3.69","10","2016","02","6","Monday"
"SAV","2016-02-05","3.48","3.48","3.48","3.48","10","2016","02","6","Friday"
"SAV","2016-02-17","3.24","3.24","3.24","3.24","130","2016","02","8","Wednesday"
"SAV","2016-02-18","3.03","3.03","3.03","3.03","10","2016","02","8","Thursday"
"SAV","2016-02-23","3.03","3.09","2.94","2.94","5830","2016","02","9","Tuesday"
"SAV","2016-02-25","2.85","3.06","2.79","3.06","1910","2016","02","9","Thursday"
"SAV","2016-02-29","3.06","3.06","3.06","3.06","50","2016","02","10","Monday"
"SAV","2016-03-01","3.06","3.06","3.06","3.06","800","2016","03","10","Tuesday"
"SAV","2016-03-02","2.88","3.15","2.88","2.88","1050","2016","03","10","Wednesday"
"SAV","2016-03-03","2.82","3.06","2.79","3.06","140","2016","03","10","Thursday"
"SAV","2016-03-07","3.06","3.27","3.06","3.27","2520","2016","03","11","Monday"
"SAV","2016-03-08","3.48","3.48","3.45","3.45","20","2016","03","11","Tuesday"
"SAV","2016-03-09","3.45","3.45","3.24","3.24","1790","2016","03","11","Wednesday"
"SAV","2016-03-10","3.45","3.45","3.36","3.36","20","2016","03","11","Thursday"
"SAV","2016-03-11","3.6","3.6","3.15","3.25","8880","2016","03","11","Friday"
"SAV","2016-03-14","3.02","3.47","3.02","3.47","340","2016","03","12","Monday"
"SAV","2016-03-16","3.25","3.44","3.25","3.44","20","2016","03","12","Wednesday"
"SAV","2016-03-18","3.21","3.66","3.21","3.66","500","2016","03","12","Friday"
"SAV","2016-03-25","3.4","3.4","3.4","3.4","100","2016","03","13","Friday"
"SAV","2016-03-28","3.21","3.37","3.18","3.18","2350","2016","03","14","Monday"
"SAV","2016-03-29","3.18","3.37","2.96","2.96","10210","2016","03","14","Tuesday"
"SAV","2016-03-30","3.02","3.15","3.02","3.15","1450","2016","03","14","Wednesday"
"SAV","2016-03-31","2.96","3.31","2.96","3.31","15000","2016","03","14","Thursday"
"SAV","2016-04-04","3.09","3.09","3.09","3.09","260","2016","04","15","Monday"
"SAV","2016-04-05","3.18","3.18","3.18","3.18","20","2016","04","15","Tuesday"
"SAV","2016-04-06","2.99","2.99","2.99","2.99","100","2016","04","15","Wednesday"
"SAV","2016-04-07","3.02","3.15","3.02","3.05","5690","2016","04","15","Thursday"
"SAV","2016-04-13","3.21","3.21","3.21","3.21","10","2016","04","16","Wednesday"
"SAV","2016-04-15","3.18","3.18","3.18","3.18","300","2016","04","16","Friday"
"SAV","2016-04-19","3.09","3.09","2.96","2.96","860","2016","04","17","Tuesday"
"SAV","2016-04-20","2.93","2.93","2.93","2.93","5420","2016","04","17","Wednesday"
"SAV","2016-04-21","3.12","3.12","3.02","3.02","320","2016","04","17","Thursday"
"SAV","2016-04-25","3.21","3.21","3.21","3.21","10","2016","04","18","Monday"
"SAV","2016-04-27","2.99","3.21","2.99","3.21","3590","2016","04","18","Wednesday"
"SAV","2016-05-04","3.18","3.18","3.18","3.18","20","2016","05","19","Wednesday"
"SAV","2016-05-06","3.02","3.28","2.96","3.28","14930","2016","05","19","Friday"
"SAV","2016-05-09","3.31","3.31","3.31","3.31","10","2016","05","20","Monday"
"SAV","2016-05-10","3.09","3.34","3.09","3.31","1210","2016","05","20","Tuesday"
"SAV","2016-05-11","3.15","3.15","3.09","3.09","1010","2016","05","20","Wednesday"
"SAV","2016-05-12","2.9","2.9","2.9","2.9","1600","2016","05","20","Thursday"
"SAV","2016-05-13","2.77","2.99","2.7","2.99","23280","2016","05","20","Friday"
"SAV","2016-05-16","2.83","2.99","2.8","2.9","16290","2016","05","21","Monday"
"SAV","2016-05-18","2.86","2.86","2.86","2.86","3300","2016","05","21","Wednesday"
"SAV","2016-05-19","2.96","2.96","2.96","2.96","50","2016","05","21","Thursday"
"SAV","2016-05-23","2.96","3.15","2.77","2.77","2340","2016","05","22","Monday"
"SAV","2016-05-24","2.96","2.96","2.96","2.96","10","2016","05","22","Tuesday"
"SAV","2016-05-25","3.15","3.15","3.15","3.15","10","2016","05","22","Wednesday"
"SAV","2016-05-26","2.96","3.15","2.96","3.02","570","2016","05","22","Thursday"
"SAV","2016-05-27","3.18","3.18","3.18","3.18","10","2016","05","22","Friday"
"SAV","2016-05-30","3.25","3.25","3.25","3.25","10","2016","05","23","Monday"
"SAV","2016-05-31","3.25","3.25","3.25","3.25","10","2016","05","23","Tuesday"
"SAV","2016-06-01","3.25","3.47","3.02","3.02","1630","2016","06","23","Wednesday"
"SAV","2016-06-02","3.15","3.15","2.86","2.86","2410","2016","06","23","Thursday"
"SAV","2016-06-03","3.05","3.05","2.7","2.86","1170","2016","06","23","Friday"
"SAV","2016-06-06","3.02","3.02","2.86","2.86","1060","2016","06","24","Monday"
"SAV","2016-06-07","3.05","3.05","2.74","2.74","30","2016","06","24","Tuesday"
"SAV","2016-06-08","2.86","2.93","2.67","2.74","20490","2016","06","24","Wednesday"
"SAV","2016-06-09","2.86","2.93","2.86","2.9","5880","2016","06","24","Thursday"
"SAV","2016-06-13","2.74","2.86","2.74","2.86","10610","2016","06","25","Monday"
"SAV","2016-06-14","2.99","2.99","2.99","2.99","10","2016","06","25","Tuesday"
"SAV","2016-06-15","2.99","3.12","2.96","3.12","3210","2016","06","25","Wednesday"
"SAV","2016-06-16","3.18","3.18","2.93","3.12","330","2016","06","25","Thursday"
"SAV","2016-06-17","2.93","2.93","2.93","2.93","650","2016","06","25","Friday"
"SAV","2016-06-20","3.05","3.05","3.05","3.05","10","2016","06","26","Monday"
"SAV","2016-06-21","2.9","2.9","2.86","2.86","330","2016","06","26","Tuesday"
"SAV","2016-06-22","3.02","3.02","3.02","3.02","10","2016","06","26","Wednesday"
"SAV","2016-06-23","2.83","3.09","2.83","3.09","20","2016","06","26","Thursday"
"SAV","2016-06-24","2.9","2.9","2.9","2.9","590","2016","06","26","Friday"
"SAV","2016-06-27","2.7","2.83","2.7","2.83","23290","2016","06","27","Monday"
"SAV","2016-06-28","2.83","2.99","2.83","2.99","6240","2016","06","27","Tuesday"
"SAV","2016-06-29","2.99","2.99","2.99","2.99","7100","2016","06","27","Wednesday"
"SAV","2016-06-30","2.9","2.9","2.83","2.86","21340","2016","06","27","Thursday"
"SAV","2016-07-01","2.9","2.9","2.86","2.9","23900","2016","07","27","Friday"
"SAV","2016-07-04","2.86","2.99","2.86","2.93","12650","2016","07","28","Monday"
"SAV","2016-07-05","2.96","2.96","2.96","2.96","520","2016","07","28","Tuesday"
"SAV","2016-07-07","2.86","2.9","2.86","2.9","3000","2016","07","28","Thursday"
"SAV","2016-07-08","2.8","2.8","2.8","2.8","16850","2016","07","28","Friday"
"SAV","2016-07-11","2.8","2.9","2.77","2.77","11330","2016","07","29","Monday"
"SAV","2016-07-12","2.7","2.77","2.7","2.77","8460","2016","07","29","Tuesday"
"SAV","2016-07-13","2.67","2.93","2.67","2.93","320","2016","07","29","Wednesday"
"SAV","2016-07-14","2.77","2.77","2.77","2.77","500","2016","07","29","Thursday"
"SAV","2016-07-18","2.74","2.74","2.74","2.74","2910","2016","07","30","Monday"
"SAV","2016-07-19","2.77","2.93","2.77","2.77","16490","2016","07","30","Tuesday"
"SAV","2016-07-20","2.93","2.93","2.86","2.86","610","2016","07","30","Wednesday"
"SAV","2016-07-21","2.96","2.99","2.96","2.99","4500","2016","07","30","Thursday"
"SAV","2016-07-22","2.99","2.99","2.99","2.99","80","2016","07","30","Friday"
"SAV","2016-07-25","2.8","2.8","2.8","2.8","1120","2016","07","31","Monday"
"SAV","2016-07-27","2.86","2.86","2.86","2.86","1000","2016","07","31","Wednesday"
"SAV","2016-07-28","2.7","2.7","2.7","2.7","1000","2016","07","31","Thursday"
"SAV","2016-07-29","2.83","2.83","2.8","2.8","610","2016","07","31","Friday"
"SAV","2016-08-01","2.77","2.77","2.7","2.74","1210","2016","08","32","Monday"
"SAV","2016-08-02","2.7","2.74","2.7","2.74","4220","2016","08","32","Tuesday"
"SAV","2016-08-11","2.86","2.9","2.54","2.54","1810","2016","08","33","Thursday"
"SAV","2016-08-12","2.7","2.7","2.64","2.64","1910","2016","08","33","Friday"
"SAV","2016-08-15","2.61","2.8","2.58","2.58","210","2016","08","34","Monday"
"SAV","2016-08-16","2.58","2.74","2.58","2.74","1360","2016","08","34","Tuesday"
"SAV","2016-08-17","2.9","2.9","2.58","2.9","30","2016","08","34","Wednesday"
"SAV","2016-08-18","2.74","2.74","2.74","2.74","130","2016","08","34","Thursday"
"SAV","2016-08-22","2.74","2.74","2.74","2.74","20","2016","08","35","Monday"
"SAV","2016-08-24","2.54","2.74","2.54","2.74","100","2016","08","35","Wednesday"
"SAV","2016-08-26","2.93","2.93","2.58","2.58","1870","2016","08","35","Friday"
"SAV","2016-08-29","2.74","2.74","2.7","2.74","2970","2016","08","36","Monday"
"SAV","2016-08-30","2.77","2.77","2.74","2.74","510","2016","08","36","Tuesday"
"SAV","2016-08-31","2.74","2.74","2.74","2.74","440","2016","08","36","Wednesday"
"SAV","2016-09-06","2.86","2.86","2.8","2.8","420","2016","09","37","Tuesday"
"SAV","2016-09-08","2.86","2.86","2.86","2.86","120","2016","09","37","Thursday"
"SAV","2016-09-09","2.86","2.86","2.8","2.83","810","2016","09","37","Friday"
"SAV","2016-09-12","2.8","2.8","2.77","2.77","530","2016","09","38","Monday"
"SAV","2016-09-16","2.67","2.67","2.67","2.67","1120","2016","09","38","Friday"
"SAV","2016-09-19","2.83","2.83","2.83","2.83","10","2016","09","39","Monday"
"SAV","2016-09-20","2.74","2.74","2.74","2.74","70","2016","09","39","Tuesday"
"SAV","2016-09-21","2.74","2.74","2.74","2.74","180","2016","09","39","Wednesday"
"SAV","2016-09-22","2.74","2.74","2.74","2.74","40","2016","09","39","Thursday"
"SAV","2016-09-26","2.54","2.86","2.54","2.86","3380","2016","09","40","Monday"
"SAV","2016-09-28","2.7","2.7","2.7","2.7","510","2016","09","40","Wednesday"
"SAV","2016-09-30","2.69","2.69","2.69","2.69","70","2016","09","40","Friday"
"SAV","2016-10-03","2.69","2.69","2.69","2.69","4000","2016","10","41","Monday"
"SAV","2016-10-04","2.5","2.69","2.5","2.69","160","2016","10","41","Tuesday"
"SAV","2016-10-05","2.67","2.83","2.67","2.83","1100","2016","10","41","Wednesday"
"SAV","2016-10-06","3.03","3.03","3.03","3.03","10","2016","10","41","Thursday"
"SAV","2016-10-07","3.24","3.24","2.82","3.24","2840","2016","10","41","Friday"
"SAV","2016-10-10","3.24","3.45","3.24","3.45","20","2016","10","42","Monday"
"SAV","2016-10-11","3.45","3.45","3.45","3.45","10","2016","10","42","Tuesday"
"SAV","2016-10-14","3.21","3.21","3.21","3.21","10450","2016","10","42","Friday"
"SAV","2016-10-19","3.21","3.21","3.14","3.21","13130","2016","10","43","Wednesday"
"SAV","2016-10-24","3.43","3.43","3.43","3.43","10","2016","10","44","Monday"
"SAV","2016-10-25","3.64","3.64","3.43","3.43","290","2016","10","44","Tuesday"
"SAV","2016-10-26","3.19","3.19","3.19","3.19","20","2016","10","44","Wednesday"
"SAV","2016-10-27","3.32","3.32","3.32","3.32","40","2016","10","44","Thursday"
"SAV","2016-10-28","3.29","3.29","3.1","3.22","390","2016","10","44","Friday"
"SAV","2016-10-31","3.08","3.22","3.01","3.22","860","2016","10","45","Monday"
"SAV","2016-11-01","3.01","3.22","3.01","3.01","1220","2016","11","45","Tuesday"
"SAV","2016-11-02","3.21","3.21","2.8","3.15","50","2016","11","45","Wednesday"
"SAV","2016-11-04","2.94","3.18","2.94","3.18","180","2016","11","45","Friday"
"SAV","2016-11-07","2.98","3.12","2.96","3.12","740","2016","11","46","Monday"
"SAV","2016-11-08","3.01","3.01","3.01","3.01","1970","2016","11","46","Tuesday"
"SAV","2016-11-09","3.15","3.15","2.8","3.01","240","2016","11","46","Wednesday"
"SAV","2016-11-10","3.15","3.15","3.15","3.15","60","2016","11","46","Thursday"
"SAV","2016-11-11","2.94","2.94","2.93","2.93","210","2016","11","46","Friday"
"SAV","2016-11-14","2.77","2.8","2.77","2.8","550","2016","11","47","Monday"
"SAV","2016-11-15","2.87","2.87","2.87","2.87","20","2016","11","47","Tuesday"
"SAV","2016-11-16","2.73","2.94","2.73","2.73","4230","2016","11","47","Wednesday"
"SAV","2016-11-17","2.73","2.73","2.73","2.73","120","2016","11","47","Thursday"
"SAV","2016-11-18","2.92","2.92","2.92","2.92","10","2016","11","47","Friday"
"SAV","2016-11-21","2.87","2.9","2.87","2.87","2400","2016","11","48","Monday"
"SAV","2016-11-22","2.77","2.77","2.77","2.77","10","2016","11","48","Tuesday"
"SAV","2016-11-23","2.7","2.8","2.7","2.8","240","2016","11","48","Wednesday"
"SAV","2016-11-24","2.8","2.87","2.8","2.87","2010","2016","11","48","Thursday"
"SAV","2016-11-25","2.93","2.93","2.75","2.92","4270","2016","11","48","Friday"
"SAV","2016-11-28","2.94","3.12","2.94","3.12","61310","2016","11","49","Monday"
"SAV","2016-11-29","2.9","3.19","2.9","3.15","250","2016","11","49","Tuesday"
"SAV","2016-11-30","2.99","3.14","2.99","3.14","30","2016","11","49","Wednesday"
"SAV","2016-12-01","2.94","3.01","2.93","3.01","2960","2016","12","49","Thursday"
"SAV","2016-12-02","2.98","3.01","2.8","3.01","3970","2016","12","49","Friday"
"SAV","2016-12-05","2.87","2.99","2.8","2.99","6550","2016","12","50","Monday"
"SAV","2016-12-06","2.98","2.98","2.98","2.98","20","2016","12","50","Tuesday"
"SAV","2016-12-07","2.8","3.14","2.8","2.98","28360","2016","12","50","Wednesday"
"SAV","2016-12-08","2.98","2.98","2.87","2.98","3970","2016","12","50","Thursday"
"SAV","2016-12-09","2.85","2.96","2.85","2.85","6080","2016","12","50","Friday"
"SAV","2016-12-12","2.85","2.98","2.65","2.66","13940","2016","12","51","Monday"
"SAV","2016-12-13","2.66","2.85","2.66","2.85","480","2016","12","51","Tuesday"
"SAV","2016-12-14","2.94","2.94","2.94","2.94","90","2016","12","51","Wednesday"
"SAV","2016-12-15","2.8","2.8","2.8","2.8","50","2016","12","51","Thursday"
"SAV","2016-12-16","2.8","2.8","2.8","2.8","50","2016","12","51","Friday"
"SAV","2016-12-19","2.77","2.77","2.77","2.77","30","2016","12","52","Monday"
"SAV","2016-12-20","2.73","2.73","2.73","2.73","1090","2016","12","52","Tuesday"
"SAV","2016-12-21","2.87","2.87","2.77","2.83","810","2016","12","52","Wednesday"
"SAV","2016-12-23","2.8","2.8","2.77","2.77","450","2016","12","52","Friday"
"SAV","2016-12-26","2.73","2.73","2.66","2.66","2050","2016","12","53","Monday"
"SAV","2016-12-27","2.77","2.77","2.77","2.77","10","2016","12","53","Tuesday"
"SAV","2017-01-03","2.8","2.8","2.8","2.8","100","2017","01","1","Tuesday"
"SAV","2017-01-04","2.68","2.8","2.63","2.77","1240","2017","01","1","Wednesday"
"SAV","2017-01-05","2.77","2.77","2.57","2.73","5540","2017","01","1","Thursday"
"SAV","2017-01-06","2.73","2.73","2.73","2.73","30","2017","01","1","Friday"
"SAV","2017-01-10","2.8","2.8","2.54","2.54","19280","2017","01","2","Tuesday"
"SAV","2017-01-11","2.5","2.69","2.49","2.69","990","2017","01","2","Wednesday"
"SAV","2017-01-12","2.63","2.73","2.51","2.73","3130","2017","01","2","Thursday"
"SAV","2017-01-13","2.54","2.73","2.54","2.73","9010","2017","01","2","Friday"
"SAV","2017-01-17","2.73","2.73","2.73","2.73","50","2017","01","3","Tuesday"
"SAV","2017-01-18","2.69","2.69","2.69","2.69","420","2017","01","3","Wednesday"
"SAV","2017-01-19","2.66","2.66","2.51","2.51","20","2017","01","3","Thursday"
"SAV","2017-01-20","2.68","2.68","2.68","2.68","2510","2017","01","3","Friday"
"SAV","2017-01-23","2.73","2.73","2.63","2.63","220","2017","01","4","Monday"
"SAV","2017-01-24","2.73","2.73","2.73","2.73","100","2017","01","4","Tuesday"
"SAV","2017-01-25","2.73","2.73","2.61","2.63","490","2017","01","4","Wednesday"
"SAV","2017-02-02","2.66","2.66","2.59","2.59","2540","2017","02","5","Thursday"
"SAV","2017-02-03","2.73","2.73","2.59","2.59","4290","2017","02","5","Friday"
"SAV","2017-02-06","2.5","2.5","2.41","2.41","24130","2017","02","6","Monday"
"SAV","2017-02-07","2.42","2.42","2.3","2.31","35190","2017","02","6","Tuesday"
"SAV","2017-02-08","2.47","2.47","2.47","2.47","3160","2017","02","6","Wednesday"
"SAV","2017-02-09","2.38","2.38","2.3","2.3","57020","2017","02","6","Thursday"
"SAV","2017-02-10","2.46","2.46","2.46","2.46","70","2017","02","6","Friday"
"SAV","2017-02-13","2.52","2.52","2.29","2.29","46370","2017","02","7","Monday"
"SAV","2017-02-14","2.21","2.21","2.21","2.21","160","2017","02","7","Tuesday"
"SAV","2017-02-15","2.13","2.31","2.05","2.06","76560","2017","02","7","Wednesday"
"SAV","2017-02-16","2.1","2.2","1.92","2.17","77300","2017","02","7","Thursday"
"SAV","2017-02-17","2.1","2.17","2.02","2.17","16090","2017","02","7","Friday"
"SAV","2017-02-20","2.03","2.1","2.03","2.1","5850","2017","02","8","Monday"
"SAV","2017-02-21","2.03","2.12","2.03","2.07","5760","2017","02","8","Tuesday"
"SAV","2017-02-22","2.07","2.21","2.07","2.09","9550","2017","02","8","Wednesday"
"SAV","2017-02-23","2.1","2.13","2.1","2.13","5380","2017","02","8","Thursday"
"SAV","2017-02-24","2.27","2.28","2.15","2.28","19820","2017","02","8","Friday"
"SAV","2017-02-27","2.17","2.44","2.17","2.44","61360","2017","02","9","Monday"
"SAV","2017-02-28","2.45","2.59","2.27","2.55","17950","2017","02","9","Tuesday"
"SAV","2017-03-01","2.55","2.55","2.45","2.54","33710","2017","03","9","Wednesday"
"SAV","2017-03-02","2.48","2.54","2.48","2.54","2850","2017","03","9","Thursday"
"SAV","2017-03-03","2.54","2.63","2.45","2.54","22800","2017","03","9","Friday"
"SAV","2017-03-06","2.45","2.72","2.45","2.72","19300","2017","03","10","Monday"
"SAV","2017-03-07","2.72","2.91","2.72","2.91","26470","2017","03","10","Tuesday"
"SAV","2017-03-08","3.11","3.11","2.94","3.11","20690","2017","03","10","Wednesday"
"SAV","2017-03-09","3.11","3.33","3.11","3.33","65390","2017","03","10","Thursday"
"SAV","2017-03-10","3.5","3.55","3.5","3.55","165440","2017","03","10","Friday"
"SAV","2017-03-13","3.55","3.73","3.3","3.5","29710","2017","03","11","Monday"
"SAV","2017-03-14","3.5","3.5","3.25","3.25","57990","2017","03","11","Tuesday"
"SAV","2017-03-15","3.08","3.27","3.08","3.12","46020","2017","03","11","Wednesday"
"SAV","2017-03-16","3.12","3.33","3.12","3.33","38850","2017","03","11","Thursday"
"SAV","2017-03-17","3.52","3.55","3.46","3.55","117700","2017","03","11","Friday"
"SAV","2017-03-20","3.6","3.8","3.5","3.8","54750","2017","03","12","Monday"
"SAV","2017-03-21","4.01","4.02","3.92","4.02","24530","2017","03","12","Tuesday"
"SAV","2017-03-22","3.95","3.97","3.74","3.74","38830","2017","03","12","Wednesday"
"SAV","2017-03-23","3.53","3.66","3.48","3.5","24930","2017","03","12","Thursday"
"SAV","2017-03-24","3.38","3.66","3.36","3.66","4890","2017","03","12","Friday"
"SAV","2017-03-27","3.42","3.62","3.42","3.5","3510","2017","03","13","Monday"
"SAV","2017-03-28","3.36","3.5","3.36","3.5","3820","2017","03","13","Tuesday"
"SAV","2017-03-29","3.4","3.57","3.4","3.5","8680","2017","03","13","Wednesday"
"SAV","2017-03-30","3.5","3.5","3.36","3.39","180","2017","03","13","Thursday"
"SAV","2017-03-31","3.6","3.6","3.19","3.29","25240","2017","03","13","Friday"
"SAV","2017-04-03","3.15","3.5","3.15","3.5","87790","2017","04","14","Monday"
"SAV","2017-04-04","3.74","3.74","3.57","3.74","38960","2017","04","14","Tuesday"
"SAV","2017-04-05","3.99","3.99","3.95","3.99","70360","2017","04","14","Wednesday"
"SAV","2017-04-07","4.01","4.01","3.76","3.99","1050","2017","04","14","Friday"
"SAV","2017-04-10","4.2","4.2","4.09","4.2","121510","2017","04","15","Monday"
"SAV","2017-04-11","4.16","4.2","3.99","4.06","20520","2017","04","15","Tuesday"
"SAV","2017-04-12","4.06","4.16","3.92","3.92","24630","2017","04","15","Wednesday"
"SAV","2017-04-13","4.13","4.13","4.02","4.06","21880","2017","04","15","Thursday"
"SAV","2017-04-14","3.78","4.06","3.78","3.92","29770","2017","04","15","Friday"
"SAV","2017-04-17","4.09","4.09","3.92","3.94","11350","2017","04","16","Monday"
"SAV","2017-04-18","3.85","4.06","3.85","4.01","10930","2017","04","16","Tuesday"
"SAV","2017-04-19","3.92","4.01","3.87","4.01","13370","2017","04","16","Wednesday"
"SAV","2017-04-20","4.01","4.01","3.73","4.01","9020","2017","04","16","Thursday"
"SAV","2017-04-21","3.85","4.13","3.85","4.09","750","2017","04","16","Friday"
"SAV","2017-04-24","3.85","3.85","3.85","3.85","20010","2017","04","17","Monday"
"SAV","2017-04-25","4.11","4.11","3.92","3.95","29970","2017","04","17","Tuesday"
"SAV","2017-04-26","4.02","4.11","4.02","4.06","5720","2017","04","17","Wednesday"
"SAV","2017-04-27","4.11","4.2","3.99","4.13","25010","2017","04","17","Thursday"
"SAV","2017-04-28","3.99","4.13","3.99","4.13","2100","2017","04","17","Friday"
"SAV","2017-05-03","4.11","4.13","3.9","3.92","6360","2017","05","18","Wednesday"
"SAV","2017-05-04","4.09","4.09","3.92","3.94","13020","2017","05","18","Thursday"
"SAV","2017-05-05","3.71","3.99","3.67","3.99","20960","2017","05","18","Friday"
"SAV","2017-05-08","3.99","4.16","3.97","4.06","1670","2017","05","19","Monday"
"SAV","2017-05-09","3.81","4.16","3.81","3.99","7800","2017","05","19","Tuesday"
"SAV","2017-05-10","3.97","4.16","3.97","4.02","33680","2017","05","19","Wednesday"
"SAV","2017-05-11","4.2","4.2","4.2","4.2","10","2017","05","19","Thursday"
"SAV","2017-05-12","4.02","4.13","3.92","4.13","30010","2017","05","19","Friday"
"SAV","2017-05-15","4.2","4.2","4.02","4.09","5380","2017","05","20","Monday"
"SAV","2017-05-16","4.13","4.13","3.85","4.09","25650","2017","05","20","Tuesday"
"SAV","2017-05-17","4.06","4.06","3.81","3.85","32530","2017","05","20","Wednesday"
"SAV","2017-05-18","3.81","3.92","3.67","3.88","37810","2017","05","20","Thursday"
"SAV","2017-05-19","3.78","3.92","3.62","3.92","1060","2017","05","20","Friday"
"SAV","2017-05-22","3.74","3.74","3.74","3.74","1000","2017","05","21","Monday"
"SAV","2017-05-23","3.85","3.85","3.78","3.85","9660","2017","05","21","Tuesday"
"SAV","2017-05-24","3.81","3.81","3.6","3.6","3930","2017","05","21","Wednesday"
"SAV","2017-05-25","3.5","3.85","3.5","3.62","10600","2017","05","21","Thursday"
"SAV","2017-05-26","3.62","3.81","3.62","3.81","5450","2017","05","21","Friday"
"SAV","2017-05-29","3.92","4.02","3.81","3.81","31200","2017","05","22","Monday"
"SAV","2017-05-30","3.74","3.8","3.74","3.8","2970","2017","05","22","Tuesday"
"SAV","2017-05-31","3.81","3.85","3.67","3.74","2910","2017","05","22","Wednesday"
"SAV","2017-06-01","3.74","3.92","3.74","3.74","7610","2017","06","22","Thursday"
"SAV","2017-06-02","3.74","3.74","3.74","3.74","1200","2017","06","22","Friday"
"SAV","2017-06-05","3.6","3.78","3.6","3.67","11910","2017","06","23","Monday"
"SAV","2017-06-06","3.73","3.92","3.73","3.92","70740","2017","06","23","Tuesday"
"SAV","2017-06-07","4.16","4.18","4.06","4.18","48330","2017","06","23","Wednesday"
"SAV","2017-06-08","4.46","4.46","4.46","4.46","123940","2017","06","23","Thursday"
"SAV","2017-06-09","4.76","4.76","4.76","4.76","76550","2017","06","23","Friday"
"SAV","2017-06-12","5.04","5.04","4.62","4.69","32750","2017","06","24","Monday"
"SAV","2017-06-13","4.51","4.9","4.51","4.9","48340","2017","06","24","Tuesday"
"SAV","2017-06-14","4.9","5.23","4.69","5.11","113530","2017","06","24","Wednesday"
"SAV","2017-06-15","5.16","5.25","5","5.25","29520","2017","06","24","Thursday"
"SAV","2017-06-16","5.25","5.25","5.07","5.07","79960","2017","06","24","Friday"
"SAV","2017-06-19","5.25","5.25","5.07","5.07","6060","2017","06","25","Monday"
"SAV","2017-06-20","5.43","5.43","5.12","5.12","9810","2017","06","25","Tuesday"
"SAV","2017-06-21","4.93","4.93","4.77","4.93","65860","2017","06","25","Wednesday"
"SAV","2017-06-22","4.81","4.97","4.81","4.89","9640","2017","06","25","Thursday"
"SAV","2017-06-23","4.74","5.04","4.62","5","10410","2017","06","25","Friday"
"SAV","2017-06-26","4.81","5","4.81","4.81","1300","2017","06","26","Monday"
"SAV","2017-06-27","4.6","4.89","4.6","4.89","3730","2017","06","26","Tuesday"
"SAV","2017-06-28","4.89","4.89","4.7","4.85","2990","2017","06","26","Wednesday"
"SAV","2017-06-29","4.85","4.89","4.77","4.89","28360","2017","06","26","Thursday"
"SAV","2017-06-30","4.7","4.89","4.7","4.89","3200","2017","06","26","Friday"
"SAV","2017-07-03","4.89","4.89","4.81","4.81","11600","2017","07","27","Monday"
"SAV","2017-07-04","4.81","4.81","4.81","4.81","10","2017","07","27","Tuesday"
"SAV","2017-07-05","4.81","4.81","4.62","4.81","15840","2017","07","27","Wednesday"
"SAV","2017-07-06","4.77","4.77","4.62","4.62","13690","2017","07","27","Thursday"
"SAV","2017-07-07","4.31","4.81","4.31","4.81","13570","2017","07","27","Friday"
"SAV","2017-07-10","5","5.04","4.7","4.77","18520","2017","07","28","Monday"
"SAV","2017-07-11","4.77","4.89","4.62","4.75","62130","2017","07","28","Tuesday"
"SAV","2017-07-12","4.81","4.97","4.81","4.97","7350","2017","07","28","Wednesday"
"SAV","2017-07-13","4.66","4.97","4.66","4.89","3180","2017","07","28","Thursday"
"SAV","2017-07-14","4.89","4.89","4.89","4.89","21930","2017","07","28","Friday"
"SAV","2017-07-17","4.77","4.89","4.74","4.74","20840","2017","07","29","Monday"
"SAV","2017-07-18","4.74","4.74","4.7","4.74","21340","2017","07","29","Tuesday"
"SAV","2017-07-19","4.74","4.74","4.62","4.7","10610","2017","07","29","Wednesday"
"SAV","2017-07-20","4.93","4.93","4.62","4.77","8240","2017","07","29","Thursday"
"SAV","2017-07-21","4.7","4.85","4.66","4.81","3930","2017","07","29","Friday"
"SAV","2017-07-24","4.77","4.77","4.62","4.62","12540","2017","07","30","Monday"
"SAV","2017-07-25","4.62","4.77","4.62","4.74","7830","2017","07","30","Tuesday"
"SAV","2017-07-26","4.77","4.77","4.54","4.74","18200","2017","07","30","Wednesday"
"SAV","2017-07-27","4.54","4.74","4.54","4.74","7480","2017","07","30","Thursday"
"SAV","2017-07-28","4.54","4.7","4.54","4.62","18960","2017","07","30","Friday"
"SAV","2017-07-31","4.54","4.93","4.54","4.93","59760","2017","07","31","Monday"
"SAV","2017-08-01","4.93","4.93","4.85","4.85","6570","2017","08","31","Tuesday"
"SAV","2017-08-02","4.89","4.89","4.54","4.89","19560","2017","08","31","Wednesday"
"SAV","2017-08-03","4.85","4.85","4.58","4.85","10330","2017","08","31","Thursday"
"SAV","2017-08-04","4.66","4.85","4.66","4.74","16010","2017","08","31","Friday"
"SAV","2017-08-07","4.81","4.81","4.74","4.74","8090","2017","08","32","Monday"
"SAV","2017-08-08","4.74","4.74","4.7","4.71","11700","2017","08","32","Tuesday"
"SAV","2017-08-09","4.89","4.89","4.43","4.85","6060","2017","08","32","Wednesday"
"SAV","2017-08-10","5","5","4.66","4.66","9400","2017","08","32","Thursday"
"SAV","2017-08-11","4.89","4.89","4.43","4.81","1020","2017","08","32","Friday"
"SAV","2017-08-14","4.81","4.81","4.79","4.79","8320","2017","08","33","Monday"
"SAV","2017-08-15","4.77","4.79","4.62","4.77","5310","2017","08","33","Tuesday"
"SAV","2017-08-16","4.81","4.81","4.79","4.79","3800","2017","08","33","Wednesday"
"SAV","2017-08-17","4.74","4.74","4.74","4.74","320","2017","08","33","Thursday"
"SAV","2017-08-18","4.74","4.74","4.46","4.7","1140","2017","08","33","Friday"
"SAV","2017-08-21","4.7","4.7","4.7","4.7","1000","2017","08","34","Monday"
"SAV","2017-08-23","4.62","4.62","4.46","4.62","13240","2017","08","34","Wednesday"
"SAV","2017-08-24","4.62","4.62","4.62","4.62","11000","2017","08","34","Thursday"
"SAV","2017-08-25","4.58","4.6","4.54","4.54","2340","2017","08","34","Friday"
"SAV","2017-08-28","4.43","4.62","4.43","4.62","2380","2017","08","35","Monday"
"SAV","2017-08-29","4.62","4.62","4.62","4.62","990","2017","08","35","Tuesday"
"SAV","2017-08-30","4.62","4.62","4.62","4.62","1280","2017","08","35","Wednesday"
"SAV","2017-08-31","4.62","4.62","4.62","4.62","23920","2017","08","35","Thursday"
"SAV","2017-09-01","4.62","4.62","4.62","4.62","3680","2017","09","35","Friday"
"SAV","2017-09-05","4.62","4.62","4.58","4.62","2870","2017","09","36","Tuesday"
"SAV","2017-09-06","4.5","4.5","4.33","4.5","1980","2017","09","36","Wednesday"
"SAV","2017-09-07","4.46","4.62","4.2","4.62","12660","2017","09","36","Thursday"
"SAV","2017-09-08","4.39","4.62","4.35","4.39","38010","2017","09","36","Friday"
"SAV","2017-09-11","4.39","4.62","4.2","4.2","12770","2017","09","37","Monday"
"SAV","2017-09-12","4.12","4.39","3.91","4.39","19810","2017","09","37","Tuesday"
"SAV","2017-09-13","4.2","4.35","4.2","4.2","2750","2017","09","37","Wednesday"
"SAV","2017-09-14","4.2","4.2","3.91","3.91","10000","2017","09","37","Thursday"
"SAV","2017-09-15","4.16","4.18","3.93","4.18","12390","2017","09","37","Friday"
"SAV","2017-09-18","4.2","4.2","4.18","4.18","3010","2017","09","38","Monday"
"SAV","2017-09-19","4.46","4.46","4.08","4.08","2010","2017","09","38","Tuesday"
"SAV","2017-09-20","4.23","4.35","4.08","4.2","17760","2017","09","38","Wednesday"
"SAV","2017-09-21","4.23","4.23","4.14","4.14","3180","2017","09","38","Thursday"
"SAV","2017-09-22","4.37","4.37","4.16","4.16","3700","2017","09","38","Friday"
"SAV","2017-09-25","4.08","4.33","4.08","4.2","2420","2017","09","39","Monday"
"SAV","2017-09-26","4.23","4.23","4.2","4.2","2820","2017","09","39","Tuesday"
"SAV","2017-09-27","4.23","4.39","4.2","4.23","27970","2017","09","39","Wednesday"
"SAV","2017-09-28","4.45","4.52","4.27","4.52","54200","2017","09","39","Thursday"
"SAV","2017-09-29","4.83","4.83","4.52","4.83","106120","2017","09","39","Friday"
"SAV","2017-10-02","4.83","4.85","4.77","4.77","67430","2017","10","40","Monday"
"SAV","2017-10-03","4.77","4.77","4.62","4.62","20380","2017","10","40","Tuesday"
"SAV","2017-10-04","4.62","4.62","4.31","4.33","26670","2017","10","40","Wednesday"
"SAV","2017-10-05","4.43","4.43","4.27","4.39","2890","2017","10","40","Thursday"
"SAV","2017-10-06","4.39","4.6","4.31","4.6","2500","2017","10","40","Friday"
"SAV","2017-10-09","4.62","4.62","4.62","4.62","10","2017","10","41","Monday"
"SAV","2017-10-10","4.35","4.54","4.35","4.54","16450","2017","10","41","Tuesday"
"SAV","2017-10-11","4.39","4.39","4.39","4.39","10","2017","10","41","Wednesday"
"SAV","2017-10-12","4.6","4.6","4.6","4.6","10","2017","10","41","Thursday"
"SAV","2017-10-13","4.43","4.43","4.43","4.43","1420","2017","10","41","Friday"
"SAV","2017-10-16","4.35","4.56","4.35","4.39","9310","2017","10","42","Monday"
"SAV","2017-10-17","4.52","4.52","4.52","4.52","20","2017","10","42","Tuesday"
"SAV","2017-10-18","4.49","4.49","4.43","4.43","5490","2017","10","42","Wednesday"
"SAV","2017-10-19","4.41","4.43","4.27","4.31","3370","2017","10","42","Thursday"
"SAV","2017-10-20","4.43","4.43","4.31","4.31","14400","2017","10","42","Friday"
"SAV","2017-10-23","4.31","4.43","4.23","4.23","11640","2017","10","43","Monday"
"SAV","2017-10-25","4.27","4.27","4.27","4.27","30","2017","10","43","Wednesday"
"SAV","2017-10-26","4.27","4.27","4.27","4.27","30","2017","10","43","Thursday"
"SAV","2017-10-27","4.23","4.23","4.04","4.04","5030","2017","10","43","Friday"
"SAV","2017-10-30","4.21","4.21","4.04","4.08","5870","2017","10","44","Monday"
"SAV","2017-10-31","4.02","4.02","4.02","4.02","20","2017","10","44","Tuesday"
"SAV","2017-11-01","3.85","4.23","3.77","4.23","10490","2017","11","44","Wednesday"
"SAV","2017-11-02","4","4.27","3.95","4.18","3930","2017","11","44","Thursday"
"SAV","2017-11-03","3.89","3.89","3.89","3.89","9400","2017","11","44","Friday"
"SAV","2017-11-06","4.04","4.04","3.89","3.89","16470","2017","11","45","Monday"
"SAV","2017-11-07","3.85","4.04","3.85","3.85","11060","2017","11","45","Tuesday"
"SAV","2017-11-08","3.93","4.02","3.93","4.02","3290","2017","11","45","Wednesday"
"SAV","2017-11-09","3.85","4.02","3.85","3.89","22460","2017","11","45","Thursday"
"SAV","2017-11-10","3.89","4","3.89","4","90000","2017","11","45","Friday"
"SAV","2017-11-13","4","4","4","4","200","2017","11","46","Monday"
"SAV","2017-11-14","4","4","3.85","3.85","2010","2017","11","46","Tuesday"
"SAV","2017-11-15","3.89","3.98","3.79","3.98","14090","2017","11","46","Wednesday"
"SAV","2017-11-16","3.85","3.87","3.81","3.81","11580","2017","11","46","Thursday"
"SAV","2017-11-17","3.95","4","3.82","3.85","12260","2017","11","46","Friday"
"SAV","2017-11-20","3.87","4","3.85","4","3970","2017","11","47","Monday"
"SAV","2017-11-21","3.89","3.89","3.74","3.85","6100","2017","11","47","Tuesday"
"SAV","2017-11-22","3.85","4.02","3.85","4.02","280","2017","11","47","Wednesday"
"SAV","2017-11-23","3.75","4.02","3.75","4.02","9860","2017","11","47","Thursday"
"SAV","2017-11-24","3.85","4","3.85","4","6060","2017","11","47","Friday"
"SAV","2017-11-27","3.85","3.93","3.73","3.93","18750","2017","11","48","Monday"
"SAV","2017-11-28","3.85","3.89","3.66","3.7","11070","2017","11","48","Tuesday"
"SAV","2017-11-29","3.81","3.85","3.77","3.77","26400","2017","11","48","Wednesday"
"SAV","2017-11-30","3.77","3.85","3.77","3.85","240","2017","11","48","Thursday"
"SAV","2017-12-01","3.87","3.87","3.85","3.87","16620","2017","12","48","Friday"
"SAV","2017-12-04","3.89","3.89","3.66","3.66","3500","2017","12","49","Monday"
"SAV","2017-12-05","3.66","3.89","3.66","3.89","19430","2017","12","49","Tuesday"
"SAV","2017-12-06","3.67","4.08","3.66","4.08","3640","2017","12","49","Wednesday"
"SAV","2017-12-07","4.04","4.06","3.89","4","21120","2017","12","49","Thursday"
"SAV","2017-12-08","3.89","4.04","3.89","4.04","6070","2017","12","49","Friday"
"SAV","2017-12-11","4","4","4","4","20","2017","12","50","Monday"
"SAV","2017-12-12","4","4","4","4","100","2017","12","50","Tuesday"
"SAV","2017-12-13","3.73","3.98","3.73","3.98","6460","2017","12","50","Wednesday"
"SAV","2017-12-14","3.71","4","3.71","4","100","2017","12","50","Thursday"
"SAV","2017-12-15","3.85","4","3.85","3.85","2430","2017","12","50","Friday"
"SAV","2017-12-18","3.93","4.1","3.93","4.1","110","2017","12","51","Monday"
"SAV","2017-12-19","4.37","4.37","3.85","4.23","130","2017","12","51","Tuesday"
"SAV","2017-12-20","4","4","3.95","3.95","2600","2017","12","51","Wednesday"
"SAV","2017-12-21","4.18","4.18","3.85","3.85","20","2017","12","51","Thursday"
"SAV","2017-12-22","4.04","4.04","4.04","4.04","350","2017","12","51","Friday"
"SAV","2017-12-25","3.77","4.04","3.77","4.04","1520","2017","12","52","Monday"
"SAV","2017-12-26","4","4.04","3.96","3.96","450","2017","12","52","Tuesday"
"SAV","2017-12-27","3.89","3.89","3.89","3.89","100","2017","12","52","Wednesday"
"SAV","2017-12-28","3.85","4.02","3.85","3.93","5500","2017","12","52","Thursday"
"SAV","2017-12-29","3.77","4.04","3.77","4.02","30","2017","12","52","Friday"
"SAV","2018-01-02","4.02","4.16","3.93","3.93","6600","2018","01","1","Tuesday"
"SAV","2018-01-03","3.85","4.04","3.85","3.93","12950","2018","01","1","Wednesday"
"SAV","2018-01-04","3.89","4.04","3.85","3.85","7710","2018","01","1","Thursday"
"SAV","2018-01-05","3.85","3.85","3.85","3.85","1250","2018","01","1","Friday"
"SAV","2018-01-08","3.77","3.77","3.77","3.77","380","2018","01","2","Monday"
"SAV","2018-01-09","3.85","3.85","3.73","3.85","19920","2018","01","2","Tuesday"
"SAV","2018-01-10","3.85","4","3.73","4","36470","2018","01","2","Wednesday"
"SAV","2018-01-11","3.85","3.96","3.75","3.75","5310","2018","01","2","Thursday"
"SAV","2018-01-12","4","4","3.75","3.98","5710","2018","01","2","Friday"
"SAV","2018-01-15","4.16","4.16","4.16","4.16","10","2018","01","3","Monday"
"SAV","2018-01-17","4.23","4.23","4.23","4.23","10","2018","01","3","Wednesday"
"SAV","2018-01-18","3.96","4.43","3.96","4.43","1010","2018","01","3","Thursday"
"SAV","2018-01-19","4.12","4.12","4.12","4.12","40","2018","01","3","Friday"
"SAV","2018-01-22","3.89","3.89","3.89","3.89","10","2018","01","4","Monday"
"SAV","2018-01-25","3.85","3.89","3.85","3.85","5530","2018","01","4","Thursday"
"SAV","2018-01-26","3.66","3.85","3.66","3.85","980","2018","01","4","Friday"
"SAV","2018-01-29","3.85","4.04","3.85","3.89","5930","2018","01","5","Monday"
"SAV","2018-01-30","3.68","3.89","3.68","3.89","13840","2018","01","5","Tuesday"
"SAV","2018-01-31","3.89","3.89","3.89","3.89","1100","2018","01","5","Wednesday"
"SAV","2018-02-02","3.85","3.85","3.69","3.69","5490","2018","02","5","Friday"
"SAV","2018-02-05","3.73","3.89","3.69","3.89","2020","2018","02","6","Monday"
"SAV","2018-02-06","3.62","3.85","3.62","3.85","19610","2018","02","6","Tuesday"
"SAV","2018-02-07","3.62","3.81","3.62","3.81","3540","2018","02","6","Wednesday"
"SAV","2018-02-08","3.85","3.85","3.85","3.85","10","2018","02","6","Thursday"
"SAV","2018-02-09","3.73","3.73","3.73","3.73","2080","2018","02","6","Friday"
"SAV","2018-02-12","3.48","3.85","3.48","3.81","2920","2018","02","7","Monday"
"SAV","2018-02-13","3.85","3.85","3.85","3.85","810","2018","02","7","Tuesday"
"SAV","2018-02-21","3.85","3.85","3.6","3.6","810","2018","02","8","Wednesday"
"SAV","2018-02-22","3.85","3.85","3.85","3.85","14240","2018","02","8","Thursday"
"SAV","2018-02-23","3.85","3.85","3.85","3.85","17330","2018","02","8","Friday"
"SAV","2018-02-26","4","4.06","4","4.06","3200","2018","02","9","Monday"
"SAV","2018-02-27","4","4","4","4","150","2018","02","9","Tuesday"
"SAV","2018-02-28","3.85","4","3.85","3.85","1910","2018","02","9","Wednesday"
"SAV","2018-03-01","3.85","4","3.69","4","1510","2018","03","9","Thursday"
"SAV","2018-03-02","3.85","3.98","3.85","3.98","180","2018","03","9","Friday"
"SAV","2018-03-05","3.85","3.96","3.71","3.96","3250","2018","03","10","Monday"
"SAV","2018-03-06","3.85","3.85","3.85","3.85","9550","2018","03","10","Tuesday"
"SAV","2018-03-07","3.85","3.85","3.66","3.66","9920","2018","03","10","Wednesday"
"SAV","2018-03-08","3.7","3.89","3.7","3.89","12870","2018","03","10","Thursday"
"SAV","2018-03-09","3.89","3.96","3.77","3.96","18990","2018","03","10","Friday"
"SAV","2018-03-12","4.16","4.16","3.85","3.91","6400","2018","03","11","Monday"
"SAV","2018-03-13","4.02","4.02","3.85","3.85","30","2018","03","11","Tuesday"
"SAV","2018-03-14","3.89","3.89","3.85","3.89","5280","2018","03","11","Wednesday"
"SAV","2018-03-15","3.89","3.93","3.75","3.89","2790","2018","03","11","Thursday"
"SAV","2018-03-16","3.89","3.89","3.85","3.89","2730","2018","03","11","Friday"
"SAV","2018-03-19","3.85","3.85","3.73","3.85","4250","2018","03","12","Monday"
"SAV","2018-03-20","3.85","3.89","3.67","3.85","13170","2018","03","12","Tuesday"
"SAV","2018-03-21","3.85","3.89","3.85","3.89","110","2018","03","12","Wednesday"
"SAV","2018-03-22","3.87","3.89","3.87","3.89","3000","2018","03","12","Thursday"
"SAV","2018-03-26","4.12","4.12","4.12","4.12","10","2018","03","13","Monday"
"SAV","2018-03-27","3.85","3.96","3.83","3.96","3700","2018","03","13","Tuesday"
"SAV","2018-03-28","3.73","3.77","3.73","3.77","2020","2018","03","13","Wednesday"
"SAV","2018-03-29","3.77","3.85","3.77","3.85","4290","2018","03","13","Thursday"
"SAV","2018-04-02","3.85","3.85","3.74","3.74","4910","2018","04","14","Monday"
"SAV","2018-04-03","3.75","3.75","3.74","3.74","1000","2018","04","14","Tuesday"
"SAV","2018-04-04","3.77","3.85","3.75","3.85","2220","2018","04","14","Wednesday"
"SAV","2018-04-05","3.77","4.12","3.69","4.12","15540","2018","04","14","Thursday"
"SAV","2018-04-06","3.85","3.96","3.85","3.96","3480","2018","04","14","Friday"
"SAV","2018-04-09","3.77","3.93","3.77","3.93","9390","2018","04","15","Monday"
"SAV","2018-04-10","3.91","3.93","3.81","3.81","1840","2018","04","15","Tuesday"
"SAV","2018-04-11","3.89","3.91","3.85","3.85","4250","2018","04","15","Wednesday"
"SAV","2018-04-12","3.93","3.93","3.93","3.93","670","2018","04","15","Thursday"
"SAV","2018-04-13","3.95","3.95","3.95","3.95","280","2018","04","15","Friday"
"SAV","2018-04-16","3.95","3.95","3.85","3.85","90","2018","04","16","Monday"
"SAV","2018-04-17","3.95","3.95","3.95","3.95","10","2018","04","16","Tuesday"
"SAV","2018-04-18","3.83","3.96","3.81","3.85","23880","2018","04","16","Wednesday"
"SAV","2018-04-19","3.85","3.85","3.68","3.68","14590","2018","04","16","Thursday"
"SAV","2018-04-20","3.85","3.85","3.85","3.85","20","2018","04","16","Friday"
"SAV","2018-04-23","3.66","3.96","3.58","3.59","3800","2018","04","17","Monday"
"SAV","2018-04-24","3.58","3.81","3.58","3.66","10350","2018","04","17","Tuesday"
"SAV","2018-04-26","3.89","3.89","3.59","3.59","5190","2018","04","17","Thursday"
"SAV","2018-04-27","3.69","3.69","3.59","3.59","17230","2018","04","17","Friday"
"SAV","2018-05-02","3.73","3.73","3.73","3.73","5150","2018","05","18","Wednesday"
"SAV","2018-05-03","3.73","3.73","3.59","3.69","5900","2018","05","18","Thursday"
"SAV","2018-05-04","3.44","3.84","3.44","3.84","470","2018","05","18","Friday"
"SAV","2018-05-07","3.79","3.79","3.79","3.79","1370","2018","05","19","Monday"
"SAV","2018-05-08","3.54","3.84","3.53","3.84","1350","2018","05","19","Tuesday"
"SAV","2018-05-09","3.67","3.79","3.67","3.79","540","2018","05","19","Wednesday"
"SAV","2018-05-10","3.84","3.84","3.84","3.84","10","2018","05","19","Thursday"
"SAV","2018-05-11","3.83","3.84","3.57","3.79","9650","2018","05","19","Friday"
"SAV","2018-05-14","3.62","3.62","3.53","3.62","2300","2018","05","20","Monday"
"SAV","2018-05-15","3.88","3.88","3.62","3.62","380","2018","05","20","Tuesday"
"SAV","2018-05-16","3.87","3.87","3.87","3.87","200","2018","05","20","Wednesday"
"SAV","2018-05-17","4.13","4.13","3.62","3.87","990","2018","05","20","Thursday"
"SAV","2018-05-18","4.03","4.03","3.65","3.65","170","2018","05","20","Friday"
"SAV","2018-05-21","3.67","3.67","3.65","3.67","21920","2018","05","21","Monday"
"SAV","2018-05-22","3.84","3.84","3.84","3.84","10","2018","05","21","Tuesday"
"SAV","2018-05-23","4","4","3.57","3.57","8470","2018","05","21","Wednesday"
"SAV","2018-05-24","3.67","3.71","3.67","3.71","120","2018","05","21","Thursday"
"SAV","2018-05-25","3.84","3.84","3.71","3.71","5340","2018","05","21","Friday"
"SAV","2018-05-28","3.96","3.96","3.96","3.96","10","2018","05","22","Monday"
"SAV","2018-05-30","4.18","4.18","3.7","3.71","300","2018","05","22","Wednesday"
"SAV","2018-05-31","3.71","3.93","3.71","3.92","13990","2018","05","22","Thursday"
"SAV","2018-06-08","3.84","3.84","3.65","3.65","4020","2018","06","23","Friday"
"SAV","2018-06-11","3.45","3.84","3.44","3.84","1710","2018","06","24","Monday"
"SAV","2018-06-12","3.62","3.96","3.57","3.96","1840","2018","06","24","Tuesday"
"SAV","2018-06-15","3.69","4.24","3.69","3.69","3920","2018","06","24","Friday"
"SAV","2018-06-18","3.75","3.75","3.71","3.71","1330","2018","06","25","Monday"
"SAV","2018-06-19","3.71","3.96","3.71","3.71","2480","2018","06","25","Tuesday"
"SAV","2018-06-20","3.96","3.96","3.96","3.96","10","2018","06","25","Wednesday"
"SAV","2018-06-22","4.24","4.24","3.96","3.96","50","2018","06","25","Friday"
"SAV","2018-06-26","4.24","4.24","3.71","3.71","5240","2018","06","26","Tuesday"
"SAV","2018-06-27","3.71","3.71","3.71","3.71","130","2018","06","26","Wednesday"
"SAV","2018-06-28","3.71","3.71","3.71","3.71","4120","2018","06","26","Thursday"
"SAV","2018-06-29","3.71","3.71","3.71","3.71","3100","2018","06","26","Friday"
"SAV","2018-07-02","3.71","3.71","3.71","3.71","1500","2018","07","27","Monday"
"SAV","2018-07-03","3.54","3.74","3.54","3.74","260","2018","07","27","Tuesday"
"SAV","2018-07-04","3.84","3.84","3.5","3.79","1020","2018","07","27","Wednesday"
"SAV","2018-07-05","3.54","3.54","3.54","3.54","1200","2018","07","27","Thursday"
"SAV","2018-07-06","3.75","3.75","3.75","3.75","30","2018","07","27","Friday"
"SAV","2018-07-09","3.94","3.94","3.94","3.94","10","2018","07","28","Monday"
"SAV","2018-07-10","4.05","4.05","4.05","4.05","20","2018","07","28","Tuesday"
"SAV","2018-07-11","3.77","4.21","3.77","3.77","2290","2018","07","28","Wednesday"
"SAV","2018-07-12","3.54","3.88","3.54","3.88","410","2018","07","28","Thursday"
"SAV","2018-07-13","3.61","3.73","3.61","3.73","1010","2018","07","28","Friday"
"SAV","2018-07-16","3.79","3.79","3.79","3.79","10","2018","07","29","Monday"
"SAV","2018-07-17","3.54","3.67","3.54","3.67","310","2018","07","29","Tuesday"
"SAV","2018-07-18","3.62","3.88","3.62","3.79","580","2018","07","29","Wednesday"
"SAV","2018-07-20","3.55","3.55","3.55","3.55","10","2018","07","29","Friday"
"SAV","2018-07-23","3.58","3.58","3.46","3.46","5360","2018","07","30","Monday"
"SAV","2018-07-24","3.67","3.67","3.67","3.67","10","2018","07","30","Tuesday"
"SAV","2018-07-25","3.45","3.62","3.45","3.51","13710","2018","07","30","Wednesday"
"SAV","2018-07-26","3.45","3.62","3.45","3.62","9940","2018","07","30","Thursday"
"SAV","2018-07-27","3.46","3.58","3.46","3.58","14550","2018","07","30","Friday"
"SAV","2018-07-30","3.47","3.48","3.47","3.47","3270","2018","07","31","Monday"
"SAV","2018-07-31","3.23","3.71","3.23","3.71","27150","2018","07","31","Tuesday"
"SAV","2018-08-01","3.92","3.96","3.46","3.84","6190","2018","08","31","Wednesday"
"SAV","2018-08-02","3.67","3.84","3.67","3.67","170","2018","08","31","Thursday"
"SAV","2018-08-03","3.67","3.67","3.67","3.67","100","2018","08","31","Friday"
"SAV","2018-08-06","3.62","3.84","3.62","3.84","6160","2018","08","32","Monday"
"SAV","2018-08-07","3.96","3.96","3.59","3.59","40","2018","08","32","Tuesday"
"SAV","2018-08-08","3.83","3.83","3.83","3.83","520","2018","08","32","Wednesday"
"SAV","2018-08-09","3.96","3.96","3.96","3.96","10","2018","08","32","Thursday"
"SAV","2018-08-10","3.69","3.92","3.69","3.92","2100","2018","08","32","Friday"
"SAV","2018-08-13","4.01","4.01","4.01","4.01","10","2018","08","33","Monday"
"SAV","2018-08-14","3.73","3.73","3.73","3.73","1590","2018","08","33","Tuesday"
"SAV","2018-08-15","3.84","3.84","3.84","3.84","20","2018","08","33","Wednesday"
"SAV","2018-08-17","4.11","4.11","3.75","3.79","750","2018","08","33","Friday"
"SAV","2018-08-20","4.01","4.01","4.01","4.01","10","2018","08","34","Monday"
"SAV","2018-08-21","3.75","3.83","3.73","3.83","8430","2018","08","34","Tuesday"
"SAV","2018-08-22","3.61","4.1","3.61","4.1","620","2018","08","34","Wednesday"
"SAV","2018-08-23","4.18","4.18","3.81","3.96","3830","2018","08","34","Thursday"
"SAV","2018-08-24","3.69","3.75","3.69","3.71","9790","2018","08","34","Friday"
"SAV","2018-08-27","3.96","3.96","3.96","3.96","2010","2018","08","35","Monday"
"SAV","2018-08-29","3.68","3.75","3.68","3.75","3060","2018","08","35","Wednesday"
"SAV","2018-08-30","3.54","3.97","3.54","3.63","4730","2018","08","35","Thursday"
"SAV","2018-08-31","3.84","3.84","3.64","3.65","8040","2018","08","35","Friday"
"SAV","2018-09-04","3.84","3.88","3.62","3.62","120","2018","09","36","Tuesday"
"SAV","2018-09-05","3.54","3.84","3.54","3.84","20","2018","09","36","Wednesday"
"SAV","2018-09-06","4.09","4.09","3.6","3.62","100","2018","09","36","Thursday"
"SAV","2018-09-07","3.79","3.79","3.79","3.79","10","2018","09","36","Friday"
"SAV","2018-09-12","3.71","3.71","3.71","3.71","10","2018","09","37","Wednesday"
"SAV","2018-09-13","3.96","3.96","3.48","3.62","6320","2018","09","37","Thursday"
"SAV","2018-09-14","3.88","3.88","3.46","3.79","1280","2018","09","37","Friday"
"SAV","2018-09-17","3.54","3.79","3.54","3.79","220","2018","09","38","Monday"
"SAV","2018-09-18","3.83","3.84","3.53","3.67","37410","2018","09","38","Tuesday"
"SAV","2018-09-19","3.88","3.88","3.54","3.67","21220","2018","09","38","Wednesday"
"SAV","2018-09-20","3.92","3.92","3.92","3.92","27220","2018","09","38","Thursday"
"SAV","2018-09-21","4.2","4.2","4.2","4.2","105580","2018","09","38","Friday"
"SAV","2018-09-24","4.48","4.48","4.26","4.26","166150","2018","09","39","Monday"
"SAV","2018-09-25","4.54","4.54","4.22","4.26","35950","2018","09","39","Tuesday"
"SAV","2018-09-26","4.26","4.26","4.18","4.18","21440","2018","09","39","Wednesday"
"SAV","2018-09-27","3.89","4.18","3.89","4.01","35220","2018","09","39","Thursday"
"SAV","2018-09-28","4.26","4.26","3.97","4.21","6230","2018","09","39","Friday"
"SAV","2018-10-01","4.48","4.48","4.01","4.01","32860","2018","10","40","Monday"
"SAV","2018-10-02","4.14","4.2","3.93","4.2","7880","2018","10","40","Tuesday"
"SAV","2018-10-03","4.26","4.26","3.93","4.17","3730","2018","10","40","Wednesday"
"SAV","2018-10-04","4.22","4.22","3.93","4.18","13930","2018","10","40","Thursday"
"SAV","2018-10-05","4.14","4.21","3.92","4.09","32670","2018","10","40","Friday"
"SAV","2018-10-08","4.29","4.29","4.09","4.11","5800","2018","10","41","Monday"
"SAV","2018-10-09","4.25","4.25","4.01","4.11","5260","2018","10","41","Tuesday"
"SAV","2018-10-10","4.16","4.16","4.05","4.05","25770","2018","10","41","Wednesday"
"SAV","2018-10-11","3.78","4.05","3.77","3.77","70120","2018","10","41","Thursday"
"SAV","2018-10-12","3.77","3.92","3.62","3.92","9950","2018","10","41","Friday"
"SAV","2018-10-15","3.77","4.09","3.77","4.05","90","2018","10","42","Monday"
"SAV","2018-10-16","4.05","4.05","3.77","3.96","15690","2018","10","42","Tuesday"
"SAV","2018-10-17","3.84","4.01","3.78","3.94","320","2018","10","42","Wednesday"
"SAV","2018-10-18","3.84","3.92","3.84","3.92","2850","2018","10","42","Thursday"
"SAV","2018-10-19","3.92","3.92","3.65","3.92","9890","2018","10","42","Friday"
"SAV","2018-10-22","3.67","4.05","3.67","3.96","13780","2018","10","43","Monday"
"SAV","2018-10-23","3.99","3.99","3.77","3.77","340","2018","10","43","Tuesday"
"SAV","2018-10-24","3.88","3.88","3.7","3.84","2520","2018","10","43","Wednesday"
"SAV","2018-10-25","3.75","3.84","3.75","3.75","1600","2018","10","43","Thursday"
"SAV","2018-10-26","3.88","3.88","3.75","3.75","7630","2018","10","43","Friday"
"SAV","2018-10-29","3.88","3.88","3.75","3.79","13220","2018","10","44","Monday"
"SAV","2018-10-30","3.84","3.84","3.79","3.79","1520","2018","10","44","Tuesday"
"SAV","2018-10-31","3.84","3.84","3.55","3.79","5300","2018","10","44","Wednesday"
"SAV","2018-11-01","3.83","3.83","3.55","3.83","100","2018","11","44","Thursday"
"SAV","2018-11-02","3.83","3.84","3.83","3.84","4120","2018","11","44","Friday"
"SAV","2018-11-05","4.09","4.09","3.58","3.82","7530","2018","11","45","Monday"
"SAV","2018-11-06","3.71","3.82","3.58","3.79","1190","2018","11","45","Tuesday"
"SAV","2018-11-08","3.96","3.96","3.62","3.75","10580","2018","11","45","Thursday"
"SAV","2018-11-09","3.83","3.83","3.62","3.71","1500","2018","11","45","Friday"
"SAV","2018-11-12","3.75","3.75","3.71","3.75","2480","2018","11","46","Monday"
"SAV","2018-11-13","3.67","3.71","3.62","3.62","4810","2018","11","46","Tuesday"
"SAV","2018-11-14","3.79","3.79","3.79","3.79","40","2018","11","46","Wednesday"
"SAV","2018-11-15","3.65","3.78","3.62","3.62","6680","2018","11","46","Thursday"
"SAV","2018-11-16","3.83","3.83","3.62","3.78","5050","2018","11","46","Friday"
"SAV","2018-11-19","4.04","4.04","3.75","3.96","11910","2018","11","47","Monday"
"SAV","2018-11-20","4","4","3.69","3.71","3950","2018","11","47","Tuesday"
"SAV","2018-11-21","3.83","3.83","3.82","3.82","1710","2018","11","47","Wednesday"
"SAV","2018-11-22","3.96","3.96","3.67","3.82","6560","2018","11","47","Thursday"
"SAV","2018-11-23","3.75","3.75","3.67","3.67","10150","2018","11","47","Friday"
"SAV","2018-11-26","3.89","3.89","3.88","3.88","20","2018","11","48","Monday"
"SAV","2018-11-27","4.04","4.04","3.84","3.84","2010","2018","11","48","Tuesday"
"SAV","2018-11-28","3.67","3.88","3.67","3.75","12450","2018","11","48","Wednesday"
"SAV","2018-11-29","3.75","3.79","3.67","3.79","18300","2018","11","48","Thursday"
"SAV","2018-11-30","3.83","3.83","3.54","3.75","5020","2018","11","48","Friday"
"SAV","2018-12-03","3.71","3.71","3.59","3.71","17530","2018","12","49","Monday"
"SAV","2018-12-04","3.88","3.88","3.62","3.75","10020","2018","12","49","Tuesday"
"SAV","2018-12-05","3.84","3.84","3.59","3.79","19030","2018","12","49","Wednesday"
"SAV","2018-12-06","3.69","3.83","3.69","3.76","8890","2018","12","49","Thursday"
"SAV","2018-12-07","3.77","3.84","3.76","3.77","10380","2018","12","49","Friday"
"SAV","2018-12-10","3.78","3.83","3.78","3.83","2440","2018","12","50","Monday"
"SAV","2018-12-11","3.83","3.92","3.69","3.9","4690","2018","12","50","Tuesday"
"SAV","2018-12-12","3.75","3.9","3.67","3.84","3700","2018","12","50","Wednesday"
"SAV","2018-12-13","3.88","3.88","3.84","3.84","1410","2018","12","50","Thursday"
"SAV","2018-12-14","3.79","3.9","3.79","3.9","700","2018","12","50","Friday"
"SAV","2018-12-17","3.79","3.83","3.64","3.83","1220","2018","12","51","Monday"
"SAV","2018-12-18","3.75","3.92","3.58","3.75","10150","2018","12","51","Tuesday"
"SAV","2018-12-19","3.85","3.85","3.85","3.85","20","2018","12","51","Wednesday"
"SAV","2018-12-20","3.83","3.83","3.83","3.83","20","2018","12","51","Thursday"
"SAV","2018-12-21","3.71","3.84","3.71","3.83","960","2018","12","51","Friday"
"SAV","2018-12-24","3.71","3.83","3.71","3.75","1970","2018","12","52","Monday"
"SAV","2018-12-25","3.71","3.89","3.69","3.89","3190","2018","12","52","Tuesday"
"SAV","2018-12-26","3.71","3.88","3.71","3.88","1010","2018","12","52","Wednesday"
"SAV","2018-12-27","3.88","3.88","3.71","3.88","460","2018","12","52","Thursday"
"SAV","2018-12-28","3.75","3.75","3.63","3.67","5490","2018","12","52","Friday"
"SAV","2019-01-02","3.67","3.84","3.67","3.84","2010","2019","01","1","Wednesday"
"SAV","2019-01-03","3.67","3.84","3.67","3.84","11460","2019","01","1","Thursday"
"SAV","2019-01-07","3.58","3.79","3.58","3.79","5940","2019","01","2","Monday"
"SAV","2019-01-08","3.67","3.74","3.67","3.74","2100","2019","01","2","Tuesday"
"SAV","2019-01-09","3.75","3.75","3.74","3.74","7270","2019","01","2","Wednesday"
"SAV","2019-01-10","3.74","3.79","3.74","3.79","9370","2019","01","2","Thursday"
"SAV","2019-01-11","3.67","3.79","3.67","3.79","300","2019","01","2","Friday"
"SAV","2019-01-15","3.79","3.79","3.79","3.79","1000","2019","01","3","Tuesday"
"SAV","2019-01-16","3.84","3.84","3.55","3.79","4710","2019","01","3","Wednesday"
"SAV","2019-01-17","3.54","3.79","3.54","3.79","5710","2019","01","3","Thursday"
"SAV","2019-01-18","3.67","3.79","3.62","3.79","1010","2019","01","3","Friday"
"SAV","2019-01-21","3.79","3.79","3.75","3.75","300","2019","01","4","Monday"
"SAV","2019-01-22","3.75","3.75","3.59","3.69","27420","2019","01","4","Tuesday"
"SAV","2019-01-23","3.6","3.75","3.59","3.75","7990","2019","01","4","Wednesday"
"SAV","2019-01-24","3.58","3.75","3.58","3.75","1010","2019","01","4","Thursday"
"SAV","2019-01-25","3.58","3.73","3.58","3.73","1010","2019","01","4","Friday"
"SAV","2019-01-28","3.57","3.73","3.56","3.73","4000","2019","01","5","Monday"
"SAV","2019-01-30","3.56","3.73","3.56","3.73","510","2019","01","5","Wednesday"
"SAV","2019-02-11","3.73","3.75","3.73","3.75","18760","2019","02","7","Monday"
"SAV","2019-02-13","3.75","3.75","3.67","3.73","2310","2019","02","7","Wednesday"
"SAV","2019-02-14","3.74","3.74","3.71","3.71","2010","2019","02","7","Thursday"
"SAV","2019-02-15","3.73","3.73","3.62","3.71","760","2019","02","7","Friday"
"SAV","2019-02-18","3.71","3.71","3.71","3.71","7130","2019","02","8","Monday"
"SAV","2019-02-19","3.71","3.72","3.67","3.67","440","2019","02","8","Tuesday"
"SAV","2019-02-21","3.69","3.69","3.62","3.65","740","2019","02","8","Thursday"
"SAV","2019-02-22","3.66","3.79","3.66","3.79","11380","2019","02","8","Friday"
"SAV","2019-02-25","3.59","3.79","3.59","3.71","4260","2019","02","9","Monday"
"SAV","2019-02-26","3.62","3.79","3.62","3.79","2110","2019","02","9","Tuesday"
"SAV","2019-02-28","3.69","3.79","3.62","3.65","16560","2019","02","9","Thursday"
"SAV","2019-03-01","3.75","3.75","3.75","3.75","110","2019","03","9","Friday"
"SAV","2019-03-04","3.59","3.75","3.59","3.59","910","2019","03","10","Monday"
"SAV","2019-03-05","3.77","3.83","3.67","3.83","27650","2019","03","10","Tuesday"
"SAV","2019-03-06","3.88","4.03","3.75","3.75","29320","2019","03","10","Wednesday"
"SAV","2019-03-07","3.71","3.92","3.71","3.92","2520","2019","03","10","Thursday"
"SAV","2019-03-11","4.09","4.09","3.75","4.03","14010","2019","03","11","Monday"
"SAV","2019-03-12","3.79","3.88","3.79","3.88","12500","2019","03","11","Tuesday"
"SAV","2019-03-13","3.92","3.92","3.84","3.92","7950","2019","03","11","Wednesday"
"SAV","2019-03-14","3.92","3.92","3.8","3.8","5250","2019","03","11","Thursday"
"SAV","2019-03-15","3.8","3.9","3.8","3.9","950","2019","03","11","Friday"
"SAV","2019-03-18","3.71","3.71","3.71","3.71","10","2019","03","12","Monday"
"SAV","2019-03-19","3.71","3.92","3.67","3.84","6530","2019","03","12","Tuesday"
"SAV","2019-03-20","3.84","3.85","3.84","3.85","9000","2019","03","12","Wednesday"
"SAV","2019-03-21","3.71","4.07","3.63","4.07","91770","2019","03","12","Thursday"
"SAV","2019-03-22","4.05","4.26","3.95","4.25","47730","2019","03","12","Friday"
"SAV","2019-03-25","4.09","4.54","4.09","4.48","211740","2019","03","13","Monday"
"SAV","2019-03-26","4.31","4.58","4.31","4.39","78800","2019","03","13","Tuesday"
"SAV","2019-03-27","4.41","4.41","4.31","4.39","5450","2019","03","13","Wednesday"
"SAV","2019-03-28","4.39","4.39","4.22","4.26","17280","2019","03","13","Thursday"
"SAV","2019-03-29","4.26","4.26","4.12","4.22","15580","2019","03","13","Friday"
"SAV","2019-04-01","4.14","4.22","4.09","4.22","27700","2019","04","14","Monday"
"SAV","2019-04-02","4.26","4.26","4.22","4.22","2100","2019","04","14","Tuesday"
"SAV","2019-04-03","4.22","4.22","3.93","4.14","33740","2019","04","14","Wednesday"
"SAV","2019-04-04","4.14","4.26","4.09","4.09","21320","2019","04","14","Thursday"
"SAV","2019-04-05","4.18","4.22","4.09","4.22","6720","2019","04","14","Friday"
"SAV","2019-04-08","4.22","4.26","4.09","4.26","11300","2019","04","15","Monday"
"SAV","2019-04-09","4.26","4.26","4.14","4.14","1720","2019","04","15","Tuesday"
"SAV","2019-04-10","4.09","4.14","4.01","4.14","3860","2019","04","15","Wednesday"
"SAV","2019-04-11","4.31","4.31","4.31","4.31","10","2019","04","15","Thursday"
"SAV","2019-04-12","4.26","4.26","4.18","4.24","1520","2019","04","15","Friday"
"SAV","2019-04-16","4.43","4.43","4.22","4.26","2570","2019","04","16","Tuesday"
"SAV","2019-04-17","4.26","4.26","4.07","4.22","900","2019","04","16","Wednesday"
"SAV","2019-04-18","4.07","4.26","4.06","4.26","22180","2019","04","16","Thursday"
"SAV","2019-04-19","4.09","4.31","4.09","4.12","15940","2019","04","16","Friday"
"SAV","2019-04-22","4.22","4.22","4.12","4.22","50","2019","04","17","Monday"
"SAV","2019-04-23","4.05","4.09","4.05","4.09","5300","2019","04","17","Tuesday"
"SAV","2019-04-24","4.09","4.17","3.9","4.17","11830","2019","04","17","Wednesday"
"SAV","2019-04-25","4.05","4.22","4.05","4.22","4890","2019","04","17","Thursday"
"SAV","2019-04-26","4.07","4.2","4.07","4.2","5480","2019","04","17","Friday"
"SAV","2019-05-03","4.2","4.25","4.2","4.25","13850","2019","05","18","Friday"
"SAV","2019-05-06","4.02","4.17","4.02","4.17","58990","2019","05","19","Monday"
"SAV","2019-05-07","4.26","4.26","4.26","4.26","10","2019","05","19","Tuesday"
"SAV","2019-05-08","4.05","4.22","4.05","4.22","9290","2019","05","19","Wednesday"
"SAV","2019-05-09","4.2","4.2","4.2","4.2","250","2019","05","19","Thursday"
"SAV","2019-05-10","4.1","4.24","4.1","4.24","18950","2019","05","19","Friday"
"SAV","2019-05-13","4.17","4.22","4.09","4.18","18150","2019","05","20","Monday"
"SAV","2019-05-14","4.14","4.23","4.12","4.23","14610","2019","05","20","Tuesday"
"SAV","2019-05-15","4.23","4.26","4.12","4.25","45040","2019","05","20","Wednesday"
"SAV","2019-05-16","4.25","4.25","4.19","4.19","21750","2019","05","20","Thursday"
"SAV","2019-05-17","4.22","4.26","4.2","4.22","38310","2019","05","20","Friday"
"SAV","2019-05-20","4.22","4.33","4.22","4.33","9880","2019","05","21","Monday"
"SAV","2019-05-21","4.46","4.46","4.26","4.35","4570","2019","05","21","Tuesday"
"SAV","2019-05-22","4.31","4.39","4.31","4.35","18330","2019","05","21","Wednesday"
"SAV","2019-05-23","4.31","4.58","4.31","4.52","66460","2019","05","21","Thursday"
"SAV","2019-05-24","4.79","4.79","4.51","4.51","86270","2019","05","21","Friday"
"SAV","2019-05-27","4.6","4.82","4.6","4.82","31040","2019","05","22","Monday"
"SAV","2019-05-28","4.75","4.93","4.63","4.89","12420","2019","05","22","Tuesday"
"SAV","2019-05-29","4.96","4.96","4.7","4.75","31700","2019","05","22","Wednesday"
"SAV","2019-05-30","4.7","5.03","4.7","5.03","40540","2019","05","22","Thursday"
"SAV","2019-05-31","4.84","4.89","4.7","4.7","12940","2019","05","22","Friday"
"SAV","2019-06-03","4.65","4.93","4.6","4.75","6090","2019","06","23","Monday"
"SAV","2019-06-04","4.93","4.93","4.72","4.79","14260","2019","06","23","Tuesday"
"SAV","2019-06-05","4.75","4.89","4.75","4.79","28670","2019","06","23","Wednesday"
"SAV","2019-06-06","4.63","4.89","4.63","4.79","27260","2019","06","23","Thursday"
"SAV","2019-06-07","4.89","4.89","4.79","4.79","8780","2019","06","23","Friday"
"SAV","2019-06-10","4.79","4.79","4.79","4.79","15140","2019","06","24","Monday"
"SAV","2019-06-11","4.79","4.84","4.79","4.79","20240","2019","06","24","Tuesday"
"SAV","2019-06-12","4.79","4.79","4.65","4.65","21070","2019","06","24","Wednesday"
"SAV","2019-06-13","4.67","4.7","4.65","4.65","5210","2019","06","24","Thursday"
"SAV","2019-06-14","4.7","4.7","4.65","4.65","4330","2019","06","24","Friday"
"SAV","2019-06-17","4.6","4.7","4.6","4.7","5050","2019","06","25","Monday"
"SAV","2019-06-18","4.65","4.7","4.61","4.62","13650","2019","06","25","Tuesday"
"SAV","2019-06-19","4.63","4.63","4.63","4.63","4270","2019","06","25","Wednesday"
"SAV","2019-06-20","4.63","4.63","4.63","4.63","4270","2019","06","25","Thursday"
"SAV","2019-06-24","4.7","4.79","4.63","4.79","5650","2019","06","26","Monday"
"SAV","2019-06-25","4.61","4.72","4.6","4.6","16050","2019","06","26","Tuesday"
"SAV","2019-06-26","4.6","4.63","4.51","4.63","22060","2019","06","26","Wednesday"
"SAV","2019-06-27","4.65","4.75","4.6","4.63","950","2019","06","26","Thursday"
"SAV","2019-06-28","4.6","4.77","4.6","4.77","2650","2019","06","26","Friday"
"SAV","2019-07-01","4.77","4.79","4.7","4.79","1690","2019","07","27","Monday"
"SAV","2019-07-03","4.79","4.79","4.7","4.7","520","2019","07","27","Wednesday"
"SAV","2019-07-04","4.7","4.7","4.56","4.56","5220","2019","07","27","Thursday"
"SAV","2019-07-05","4.6","4.6","4.58","4.6","6820","2019","07","27","Friday"
"SAV","2019-07-08","4.47","4.6","4.36","4.6","2720","2019","07","28","Monday"
"SAV","2019-07-09","4.6","4.65","4.6","4.65","1380","2019","07","28","Tuesday"
"SAV","2019-07-10","4.65","4.65","4.65","4.65","1040","2019","07","28","Wednesday"
"SAV","2019-07-11","4.7","4.7","4.7","4.7","200","2019","07","28","Thursday"
"SAV","2019-07-12","4.6","4.6","4.6","4.6","7020","2019","07","28","Friday"
"SAV","2019-07-15","4.49","4.63","4.49","4.56","2040","2019","07","29","Monday"
"SAV","2019-07-16","4.58","4.65","4.56","4.6","1210","2019","07","29","Tuesday"
"SAV","2019-07-17","4.6","4.6","4.6","4.6","1250","2019","07","29","Wednesday"
"SAV","2019-07-18","4.6","4.6","4.6","4.6","10","2019","07","29","Thursday"
"SAV","2019-07-19","4.49","4.56","4.49","4.56","1280","2019","07","29","Friday"
"SAV","2019-07-22","4.56","4.56","4.56","4.56","6850","2019","07","30","Monday"
"SAV","2019-07-23","4.56","4.7","4.47","4.65","18720","2019","07","30","Tuesday"
"SAV","2019-07-24","4.65","4.65","4.6","4.65","910","2019","07","30","Wednesday"
"SAV","2019-07-25","4.65","4.65","4.47","4.65","1160","2019","07","30","Thursday"
"SAV","2019-07-26","4.65","4.65","4.56","4.65","7410","2019","07","30","Friday"
"SAV","2019-07-29","4.47","4.6","4.46","4.6","11460","2019","07","31","Monday"
"SAV","2019-07-31","4.56","4.56","4.56","4.56","2230","2019","07","31","Wednesday"
"SAV","2019-08-01","4.55","4.55","4.47","4.54","1920","2019","08","31","Thursday"
"SAV","2019-08-02","4.47","4.53","4.46","4.46","12620","2019","08","31","Friday"
"SAV","2019-08-05","4.46","4.46","4.41","4.42","11870","2019","08","32","Monday"
"SAV","2019-08-06","4.42","4.51","4.32","4.51","4150","2019","08","32","Tuesday"
"SAV","2019-08-07","4.51","4.51","4.51","4.51","10","2019","08","32","Wednesday"
"SAV","2019-08-08","4.46","4.46","4.29","4.46","5050","2019","08","32","Thursday"
"SAV","2019-08-09","4.46","4.51","4.46","4.46","34140","2019","08","32","Friday"
"SAV","2019-08-12","4.46","4.46","4.46","4.46","3540","2019","08","33","Monday"
"SAV","2019-08-13","4.46","4.46","4.35","4.44","14220","2019","08","33","Tuesday"
"SAV","2019-08-15","4.56","4.56","4.56","4.56","50","2019","08","33","Thursday"
"SAV","2019-08-16","4.55","4.55","4.55","4.55","500","2019","08","33","Friday"
"SAV","2019-08-19","4.51","4.56","4.39","4.51","10780","2019","08","34","Monday"
"SAV","2019-08-20","4.46","4.51","4.46","4.49","7090","2019","08","34","Tuesday"
"SAV","2019-08-21","4.46","4.46","4.46","4.49","6050","2019","08","34","Wednesday"
"SAV","2019-08-22","4.37","4.51","4.37","4.49","28060","2019","08","34","Thursday"
"SAV","2019-08-23","4.49","4.49","4.35","4.35","28410","2019","08","34","Friday"
"SAV","2019-08-26","4.37","4.51","4.35","4.49","34100","2019","08","35","Monday"
"SAV","2019-08-27","4.39","4.39","4.37","4.37","5860","2019","08","35","Tuesday"
"SAV","2019-08-28","4.37","4.46","4.07","4.46","13460","2019","08","35","Wednesday"
"SAV","2019-08-29","4.45","4.51","4.45","4.37","3940","2019","08","35","Thursday"
"SAV","2019-08-30","4.38","4.39","4.38","4.39","1020","2019","08","35","Friday"
"SAV","2019-09-03","4.39","4.39","4.24","4.24","1100","2019","09","36","Tuesday"
"SAV","2019-09-04","4.12","4.53","4.12","4.29","11330","2019","09","36","Wednesday"
"SAV","2019-09-05","4","4.55","4","4.37","7580","2019","09","36","Thursday"
"SAV","2019-09-09","4.37","4.37","4.21","4.4","5180","2019","09","37","Monday"
"SAV","2019-09-10","4.23","4.41","4.1","4.13","6510","2019","09","37","Tuesday"
"SAV","2019-09-11","4.41","4.41","4.14","4.32","5180","2019","09","37","Wednesday"
"SAV","2019-09-12","4.19","4.32","4.18","4.23","17080","2019","09","37","Thursday"
"SAV","2019-09-13","4.23","4.23","4.04","4.2","29540","2019","09","37","Friday"
"SAV","2019-09-16","4.2","4.2","3.96","4.18","2960","2019","09","38","Monday"
"SAV","2019-09-17","4.17","4.17","3.95","3.95","90","2019","09","38","Tuesday"
"SAV","2019-09-18","4.21","4.22","4.21","4.22","11710","2019","09","38","Wednesday"
"SAV","2019-09-20","4.08","4.11","4.08","4.23","6620","2019","09","38","Friday"
"SAV","2019-09-23","4.23","4.23","4.23","4.23","50","2019","09","39","Monday"
"SAV","2019-09-24","4.23","4.23","4.23","4.23","1850","2019","09","39","Tuesday"
"SAV","2019-09-25","4.22","4.23","4.22","4.22","4000","2019","09","39","Wednesday"
"SAV","2019-09-26","4.18","4.18","4.18","4.18","100","2019","09","39","Thursday"
"SAV","2019-09-27","4.14","4.14","4.13","4.46","410","2019","09","39","Friday"
"SAV","2019-09-30","4.65","4.65","4.23","4.23","660","2019","09","40","Monday"
"SAV","2019-10-01","4.23","4.28","4.23","4.28","17300","2019","10","40","Tuesday"
"SAV","2019-10-02","4.32","4.46","4.1","4.13","20830","2019","10","40","Wednesday"
"SAV","2019-10-03","4.18","4.18","4.14","4.14","5380","2019","10","40","Thursday"
"SAV","2019-10-04","4.38","4.43","4.28","4.43","33680","2019","10","40","Friday"
"SAV","2019-10-07","4.43","4.7","4.43","4.67","90170","2019","10","41","Monday"
"SAV","2019-10-08","4.67","4.7","4.67","4.67","770","2019","10","41","Tuesday"
"SAV","2019-10-09","4.96","4.96","4.44","4.44","21810","2019","10","41","Wednesday"
"SAV","2019-10-10","4.6","4.6","4.6","4.6","10","2019","10","41","Thursday"
"SAV","2019-10-11","4.46","4.7","4.39","4.6","220","2019","10","41","Friday"
"SAV","2019-10-14","4.7","4.7","4.29","4.6","2060","2019","10","42","Monday"
"SAV","2019-10-16","4.69","4.69","4.42","4.59","2400","2019","10","42","Wednesday"
"SAV","2019-10-17","4.67","4.67","4.58","4.32","2490","2019","10","42","Thursday"
"SAV","2019-10-18","4.62","4.62","4.62","4.62","10","2019","10","42","Friday"
"SAV","2019-10-21","4.7","4.7","4.37","4.6","18470","2019","10","43","Monday"
"SAV","2019-10-22","4.46","4.46","4.46","4.46","1150","2019","10","43","Tuesday"
"SAV","2019-10-23","4.46","4.46","4.29","4.29","6840","2019","10","43","Wednesday"
"SAV","2019-10-24","4.3","4.37","4.3","4.37","5380","2019","10","43","Thursday"
"SAV","2019-10-25","4.63","4.63","4.63","4.46","40","2019","10","43","Friday"
"SAV","2019-10-28","4.65","4.65","4.41","4.55","3530","2019","10","44","Monday"
"SAV","2019-10-29","4.55","4.55","4.42","4.33","80","2019","10","44","Tuesday"
"SAV","2019-10-30","4.42","4.42","4.42","4.42","20","2019","10","44","Wednesday"
"SAV","2019-10-31","4.37","4.42","4.37","4.42","4100","2019","10","44","Thursday"
"SAV","2019-11-01","4.42","4.42","4.28","4.41","1490","2019","11","44","Friday"
"SAV","2019-11-04","4.37","4.46","4.23","4.25","3370","2019","11","45","Monday"
"SAV","2019-11-05","4.37","4.37","4.28","4.28","1800","2019","11","45","Tuesday"
"SAV","2019-11-06","4.32","4.42","4.32","4.33","4000","2019","11","45","Wednesday"
"SAV","2019-11-07","4.33","4.37","4.33","4.37","3660","2019","11","45","Thursday"
"SAV","2019-11-08","4.45","4.45","4.45","4.45","600","2019","11","45","Friday"
"SAV","2019-11-11","4.51","4.51","4.44","4.25","340","2019","11","46","Monday"
"SAV","2019-11-12","4.29","4.42","4.28","4.32","8290","2019","11","46","Tuesday"
"SAV","2019-11-13","4.44","4.44","4.29","4.29","60","2019","11","46","Wednesday"
"SAV","2019-11-14","4.42","4.42","4.37","4.37","10460","2019","11","46","Thursday"
"SAV","2019-11-15","4.37","4.37","4.37","4.37","3050","2019","11","46","Friday"
"SAV","2019-11-18","4.37","4.37","4.37","4.37","6460","2019","11","47","Monday"
"SAV","2019-11-19","4.37","4.37","4.37","4.37","10300","2019","11","47","Tuesday"
"SAV","2019-11-20","4.37","4.37","4.33","4.33","10340","2019","11","47","Wednesday"
"SAV","2019-11-21","4.37","4.37","4.35","4.37","7480","2019","11","47","Thursday"
"SAV","2019-11-22","4.37","4.37","4.28","4.37","4520","2019","11","47","Friday"
"SAV","2019-11-25","4.37","4.37","4.28","4.3","19440","2019","11","48","Monday"
"SAV","2019-11-26","4.42","4.42","4.42","4.42","50","2019","11","48","Tuesday"
"SAV","2019-11-28","4.3","4.35","4.28","4.35","34490","2019","11","48","Thursday"
"SAV","2019-11-29","4.3","4.35","4.23","4.25","2900","2019","11","48","Friday"
"SAV","2019-12-02","4.24","4.42","4.23","4.23","49240","2019","12","49","Monday"
"SAV","2019-12-03","4.32","4.32","4.32","4.32","300","2019","12","49","Tuesday"
"SAV","2019-12-05","4.23","4.23","4.23","4.23","3680","2019","12","49","Thursday"
"SAV","2019-12-06","4.28","4.32","4.28","4.28","3010","2019","12","49","Friday"
"SAV","2019-12-10","4.23","4.23","4.23","4.23","20","2019","12","50","Tuesday"
"SAV","2019-12-11","4.19","4.19","4.19","4.19","20","2019","12","50","Wednesday"
"SAV","2019-12-12","4.28","4.28","4.28","4.28","1000","2019","12","50","Thursday"
"SAV","2019-12-13","4.34","4.34","4.34","4.34","500","2019","12","50","Friday"
"SAV","2019-12-16","4.39","4.39","4.39","4.39","1150","2019","12","51","Monday"
"SAV","2019-12-17","4.35","4.35","4.35","4.35","17700","2019","12","51","Tuesday"
"SAV","2019-12-18","4.31","4.31","4.31","4.31","2100","2019","12","51","Wednesday"
"SAV","2019-12-19","4.3","4.37","4.3","4.37","8670","2019","12","51","Thursday"
"SAV","2019-12-20","4.37","4.37","4.3","4.3","1360","2019","12","51","Friday"
"SAV","2019-12-24","4.3","4.46","4.3","4.44","3450","2019","12","52","Tuesday"
"SAV","2019-12-25","4.32","4.42","4.32","4.42","120","2019","12","52","Wednesday"
"SAV","2019-12-27","4.37","4.37","4.37","4.37","4030","2019","12","52","Friday"
"SAV","2019-12-30","4.37","4.46","4.37","4.46","11010","2019","12","1","Monday"
"SAV","2019-12-31","4.51","4.51","4.28","4.28","8350","2019","12","1","Tuesday"
"SAV","2020-01-02","4.32","4.32","4.32","4.32","1550","2020","01","1","Thursday"
"SAV","2020-01-03","4.6","4.6","4.35","4.46","15480","2020","01","1","Friday"
"SAV","2020-01-06","4.46","4.46","4.46","4.46","60","2020","01","2","Monday"
"SAV","2020-01-07","4.31","4.32","4.29","4.32","21860","2020","01","2","Tuesday"
"SAV","2020-01-08","4.55","4.55","4.55","4.55","10","2020","01","2","Wednesday"
"SAV","2020-01-09","4.42","4.42","4.29","4.29","6430","2020","01","2","Thursday"
"SAV","2020-01-10","4.32","4.32","4.28","4.32","20100","2020","01","2","Friday"
"SAV","2020-01-13","4.32","4.32","4.23","4.23","7560","2020","01","3","Monday"
"SAV","2020-01-14","4.43","4.43","4.32","4.32","160","2020","01","3","Tuesday"
"SAV","2020-01-15","4.32","4.32","4.3","4.3","680","2020","01","3","Wednesday"
"SAV","2020-01-16","4.23","4.32","4.23","4.23","2090","2020","01","3","Thursday"
"SAV","2020-01-17","4.23","4.23","4.23","4.23","240","2020","01","3","Friday"
"SAV","2020-01-21","4.24","4.41","4.24","4.28","380","2020","01","4","Tuesday"
"SAV","2020-01-30","4.32","4.32","4.13","4.32","4270","2020","01","5","Thursday"
"SAV","2020-02-03","4.23","4.23","4.09","4.23","320","2020","02","6","Monday"
"SAV","2020-02-04","4.18","4.23","4.18","4.23","13840","2020","02","6","Tuesday"
"SAV","2020-02-05","4.19","4.23","4.18","4.23","50","2020","02","6","Wednesday"
"SAV","2020-02-06","4.32","4.32","4.18","4.23","6550","2020","02","6","Thursday"
"SAV","2020-02-07","4.32","4.32","4.28","4.28","1520","2020","02","6","Friday"
"SAV","2020-02-10","4.28","4.28","4.28","4.28","10","2020","02","7","Monday"
"SAV","2020-02-11","4.37","4.37","4.28","4.28","220","2020","02","7","Tuesday"
"SAV","2020-02-12","4.28","4.28","4.28","4.28","3420","2020","02","7","Wednesday"
"SAV","2020-02-13","4.28","4.32","4.28","4.3","5850","2020","02","7","Thursday"
"SAV","2020-02-14","4.32","4.32","4.23","4.23","5700","2020","02","7","Friday"
"SAV","2020-02-17","4.23","4.23","4.21","4.21","2610","2020","02","8","Monday"
"SAV","2020-02-18","4.23","4.23","4.23","4.23","1000","2020","02","8","Tuesday"
"SAV","2020-02-19","4.23","4.23","4.23","4.23","8250","2020","02","8","Wednesday"
"SAV","2020-02-20","4.3","4.3","4.23","4.23","15340","2020","02","8","Thursday"
"SAV","2020-02-21","4.21","4.32","4.21","4.32","230","2020","02","8","Friday"
"SAV","2020-02-24","4.23","4.32","4.21","4.32","3240","2020","02","9","Monday"
"SAV","2020-02-26","4.32","4.32","4.32","4.32","250","2020","02","9","Wednesday"
"SAV","2020-02-27","4.23","4.31","4.23","4.31","110","2020","02","9","Thursday"
"SAV","2020-02-28","4.28","4.31","4.23","4.31","6070","2020","02","9","Friday"
"SAV","2020-03-02","4.23","4.23","4.23","4.23","470","2020","03","10","Monday"
"SAV","2020-03-03","4.23","4.23","4.09","4.12","8770","2020","03","10","Tuesday"
"SAV","2020-03-04","4.28","4.29","4.12","4.21","4490","2020","03","10","Wednesday"
"SAV","2020-03-05","4.1","4.28","4.1","4.23","5630","2020","03","10","Thursday"
"SAV","2020-03-06","4.23","4.23","4.23","4.23","9840","2020","03","10","Friday"
"SAV","2020-03-09","4.23","4.23","4.16","4.22","14790","2020","03","11","Monday"
"SAV","2020-03-10","3.93","4.23","3.93","4.23","250","2020","03","11","Tuesday"
"SAV","2020-03-11","4.16","4.28","4.14","4.16","5610","2020","03","11","Wednesday"
"SAV","2020-03-12","4.09","4.16","3.98","4.16","20990","2020","03","11","Thursday"
"SAV","2020-03-13","3.88","4.1","3.87","3.99","5810","2020","03","11","Friday"
"SAV","2020-03-16","4.16","4.16","4.04","4.04","220","2020","03","12","Monday"
"SAV","2020-03-17","3.81","4.21","3.81","3.99","1260","2020","03","12","Tuesday"
"SAV","2020-03-18","4.2","4.2","4.2","4.2","10","2020","03","12","Wednesday"
"SAV","2020-03-19","4.04","4.18","3.94","3.94","19250","2020","03","12","Thursday"
"SAV","2020-03-20","3.95","4.17","3.76","3.76","5020","2020","03","12","Friday"
"SAV","2020-03-23","3.99","3.99","3.5","3.5","7340","2020","03","13","Monday"
"SAV","2020-03-24","3.74","3.74","3.26","3.26","10760","2020","03","13","Tuesday"
"SAV","2020-03-25","3.04","3.49","3.04","3.49","32700","2020","03","13","Wednesday"
"SAV","2020-03-26","3.72","3.72","3.72","3.72","20","2020","03","13","Thursday"
"SAV","2020-03-27","3.53","3.53","3.53","3.53","20","2020","03","13","Friday"
"SAV","2020-03-30","3.56","3.58","3.52","3.57","10720","2020","03","14","Monday"
"SAV","2020-03-31","3.35","3.64","3.35","3.57","24220","2020","03","14","Tuesday"
"SAV","2020-04-01","3.52","3.57","3.52","3.55","10890","2020","04","14","Wednesday"
"SAV","2020-04-03","3.67","3.67","3.67","3.67","10","2020","04","14","Friday"
"SAV","2020-04-06","3.85","3.85","3.81","3.81","12840","2020","04","15","Monday"
"SAV","2020-04-07","3.85","3.94","3.67","3.67","2720","2020","04","15","Tuesday"
"SAV","2020-04-08","3.91","3.91","3.62","3.62","5840","2020","04","15","Wednesday"
"SAV","2020-04-09","3.8","3.81","3.8","3.81","2670","2020","04","15","Thursday"
"SAV","2020-04-10","3.9","3.9","3.81","3.9","15050","2020","04","15","Friday"
"SAV","2020-04-13","3.76","3.99","3.76","3.99","9090","2020","04","16","Monday"
"SAV","2020-04-14","3.77","3.99","3.77","3.81","7940","2020","04","16","Tuesday"
"SAV","2020-04-15","3.76","3.81","3.76","3.77","7470","2020","04","16","Wednesday"
"SAV","2020-04-16","3.62","3.92","3.62","3.79","16510","2020","04","16","Thursday"
"SAV","2020-04-17","4.04","4.04","3.85","3.97","10440","2020","04","16","Friday"
"SAV","2020-04-20","3.96","4.09","3.91","3.91","3210","2020","04","17","Monday"
"SAV","2020-04-21","3.81","3.95","3.81","3.88","22670","2020","04","17","Tuesday"
"SAV","2020-04-22","3.71","4.12","3.71","3.71","810","2020","04","17","Wednesday"
"SAV","2020-04-23","3.76","3.97","3.76","3.97","660","2020","04","17","Thursday"
"SAV","2020-04-24","3.76","3.99","3.76","3.99","110","2020","04","17","Friday"
"SAV","2020-04-27","3.94","3.95","3.85","3.96","4740","2020","04","18","Monday"
"SAV","2020-04-28","3.81","3.9","3.81","3.9","2500","2020","04","18","Tuesday"
"SAV","2020-04-29","3.9","4.13","3.9","4.13","910","2020","04","18","Wednesday"
"SAV","2020-05-05","4.04","4.04","3.85","3.85","18790","2020","05","19","Tuesday"
"SAV","2020-05-06","3.85","3.87","3.62","3.59","3760","2020","05","19","Wednesday"
"SAV","2020-05-07","3.85","3.87","3.64","3.87","1600","2020","05","19","Thursday"
"SAV","2020-05-08","4.02","4.09","3.99","4.04","2170","2020","05","19","Friday"
"SAV","2020-05-11","3.78","3.78","3.77","3.78","10000","2020","05","20","Monday"
"SAV","2020-05-12","3.99","3.99","3.95","3.95","430","2020","05","20","Tuesday"
"SAV","2020-05-13","3.96","4.22","3.95","4.21","7900","2020","05","20","Wednesday"
"SAV","2020-05-15","4.23","4.41","4.23","4.41","560","2020","05","20","Friday"
"SAV","2020-05-18","4.41","4.42","4.18","4.19","4200","2020","05","21","Monday"
"SAV","2020-05-19","4.36","4.36","3.96","4.35","100","2020","05","21","Tuesday"
"SAV","2020-05-20","4.28","4.28","4.06","4.18","360","2020","05","21","Wednesday"
"SAV","2020-05-21","3.99","4.36","3.89","4.28","2470","2020","05","21","Thursday"
"SAV","2020-05-22","4.34","4.37","4.32","4.37","4780","2020","05","21","Friday"
"SAV","2020-05-25","4.37","4.37","4.09","4.37","430","2020","05","22","Monday"
"SAV","2020-05-27","4.23","4.29","4.18","4.18","6300","2020","05","22","Wednesday"
"SAV","2020-05-28","4.23","4.23","4.23","4.23","200","2020","05","22","Thursday"
"SAV","2020-05-29","3.99","4.41","3.95","4.41","1500","2020","05","22","Friday"
"SAV","2020-06-01","4.24","4.33","4.23","4.33","11640","2020","06","23","Monday"
"SAV","2020-06-02","4.33","4.43","4.32","4.43","2200","2020","06","23","Tuesday"
"SAV","2020-06-03","4.37","4.37","4.37","4.37","690","2020","06","23","Wednesday"
"SAV","2020-06-04","4.37","4.37","4.3","4.37","2490","2020","06","23","Thursday"
"SAV","2020-06-05","4.25","4.43","4.25","4.43","9150","2020","06","23","Friday"
"SAV","2020-06-08","4.37","4.44","4.37","4.44","17460","2020","06","24","Monday"
"SAV","2020-06-09","4.7","4.7","4.46","4.7","14780","2020","06","24","Tuesday"
"SAV","2020-06-10","4.51","4.69","4.5","4.5","2800","2020","06","24","Wednesday"
"SAV","2020-06-11","4.7","4.7","4.5","4.5","12460","2020","06","24","Thursday"
"SAV","2020-06-12","4.46","4.59","4.3","4.59","8160","2020","06","24","Friday"
"SAV","2020-06-15","4.69","4.69","4.37","4.56","12080","2020","06","25","Monday"
"SAV","2020-06-16","4.37","4.56","4.34","4.46","1920","2020","06","25","Tuesday"
"SAV","2020-06-17","4.37","4.55","4.37","4.46","4920","2020","06","25","Wednesday"
"SAV","2020-06-18","4.37","4.45","4.37","4.37","4530","2020","06","25","Thursday"
"SAV","2020-06-19","4.35","4.49","4.35","4.46","8220","2020","06","25","Friday"
"SAV","2020-06-22","4.37","4.58","4.37","4.42","11660","2020","06","26","Monday"
"SAV","2020-06-23","4.46","4.56","4.42","4.46","17660","2020","06","26","Tuesday"
"SAV","2020-06-24","6.65","6.65","6.31","6.31","5820","2020","06","26","Wednesday"
"SAV","2020-06-25","6.35","6.46","6.31","6.46","1550","2020","06","26","Thursday"
"SAV","2020-06-26","6.46","6.46","6.09","6.41","1290","2020","06","26","Friday"
"SAV","2020-06-29","6.46","6.46","6.09","6.09","1030","2020","06","27","Monday"
"SAV","2020-06-30","6.39","6.39","6.24","6.24","320","2020","06","27","Tuesday"
"SAV","2020-07-01","6.23","6.24","6.23","6.24","2220","2020","07","27","Wednesday"
"SAV","2020-07-02","6.24","6.24","6.09","6.09","2130","2020","07","27","Thursday"
"SAV","2020-07-03","6.09","6.24","6.09","6.09","2180","2020","07","27","Friday"
"SAV","2020-07-06","6.09","6.44","6.09","6.09","560","2020","07","28","Monday"
"SAV","2020-07-07","6.09","6.24","6.02","6.09","9080","2020","07","28","Tuesday"
"SAV","2020-07-08","6.09","6.2","6.09","6.09","800","2020","07","28","Wednesday"
"SAV","2020-07-09","6.09","6.44","6.09","6.31","1000","2020","07","28","Thursday"
"SAV","2020-07-10","6.35","6.35","6.1","6.1","3010","2020","07","28","Friday"
"SAV","2020-07-13","6.35","6.35","6.35","6.35","50","2020","07","29","Monday"
"SAV","2020-07-14","6.11","6.32","6.11","6.32","290","2020","07","29","Tuesday"
"SAV","2020-07-15","6.11","6.34","6.11","6.34","240","2020","07","29","Wednesday"
"SAV","2020-07-16","6.35","6.35","6.2","6.24","310","2020","07","29","Thursday"
"SAV","2020-07-17","6.16","6.24","6.09","6.16","6030","2020","07","29","Friday"
"SAV","2020-07-20","6.16","6.16","6.09","6.09","920","2020","07","30","Monday"
"SAV","2020-07-21","6.09","6.09","6.09","6.09","10","2020","07","30","Tuesday"
"SAV","2020-07-22","6.35","6.35","6.35","6.35","10","2020","07","30","Wednesday"
"SAV","2020-07-23","6.09","6.34","6.09","6.34","250","2020","07","30","Thursday"
"SAV","2020-07-24","6.09","6.09","5.92","6.09","6660","2020","07","30","Friday"
"SAV","2020-07-27","5.67","6.05","5.66","5.67","6450","2020","07","31","Monday"
"SAV","2020-07-28","5.66","5.85","5.66","5.85","7520","2020","07","31","Tuesday"
"SAV","2020-07-29","5.93","5.93","5.71","5.71","260","2020","07","31","Wednesday"
"SAV","2020-07-30","5.71","5.96","5.71","5.96","3810","2020","07","31","Thursday"
"SAV","2020-07-31","5.63","5.93","5.63","5.71","3910","2020","07","31","Friday"
"SAV","2020-08-03","5.71","5.93","5.71","5.93","5310","2020","08","32","Monday"
"SAV","2020-08-04","6.07","6.07","5.74","6.03","3420","2020","08","32","Tuesday"
"SAV","2020-08-05","5.73","5.97","5.73","5.97","680","2020","08","32","Wednesday"
"SAV","2020-08-06","5.97","5.97","5.77","5.78","6650","2020","08","32","Thursday"
"SAV","2020-08-07","5.93","5.93","5.77","5.93","260","2020","08","32","Friday"
"SAV","2020-08-10","5.93","5.93","5.8","5.82","7510","2020","08","33","Monday"
"SAV","2020-08-11","6.07","6.07","5.8","6.06","120","2020","08","33","Tuesday"
"SAV","2020-08-12","6","6.24","6","6.24","5430","2020","08","33","Wednesday"
"SAV","2020-08-13","6.46","6.47","6.1","6.24","1460","2020","08","33","Thursday"
"SAV","2020-08-14","6.46","6.46","6.24","6.38","21620","2020","08","33","Friday"
"SAV","2020-08-17","6.38","6.48","6.38","6.48","9660","2020","08","34","Monday"
"SAV","2020-08-18","6.58","6.93","6.54","6.93","28130","2020","08","34","Tuesday"
"SAV","2020-08-19","6.88","7.41","6.88","7.41","152590","2020","08","34","Wednesday"
"SAV","2020-08-20","7.91","7.91","7.84","7.91","195610","2020","08","34","Thursday"
"SAV","2020-08-21","8.44","8.44","8.44","8.44","39730","2020","08","34","Friday"
"SAV","2020-08-24","9.02","9.02","9.02","9.02","26010","2020","08","35","Monday"
"SAV","2020-08-25","9.62","9.62","9.02","9.62","559320","2020","08","35","Tuesday"
"SAV","2020-08-26","9.97","10.27","9.62","10.27","154270","2020","08","35","Wednesday"
"SAV","2020-08-27","9.66","9.89","9.59","9.59","115450","2020","08","35","Thursday"
"SAV","2020-08-28","8.94","8.94","8.94","8.94","129760","2020","08","35","Friday"
"SAV","2020-08-31","8.37","8.82","8.33","8.37","302270","2020","08","36","Monday"
"SAV","2020-09-01","8.22","8.75","8.22","8.75","54250","2020","09","36","Tuesday"
"SAV","2020-09-03","8.52","8.98","8.33","8.33","15650","2020","09","36","Thursday"
"SAV","2020-09-04","7.99","8.37","7.84","8.22","41470","2020","09","36","Friday"
"SAV","2020-09-07","8.22","8.37","7.95","8.22","80980","2020","09","37","Monday"
"SAV","2020-09-08","8.22","8.22","8.14","8.14","37150","2020","09","37","Tuesday"
"SAV","2020-09-09","7.87","8.14","7.87","8.1","30660","2020","09","37","Wednesday"
"SAV","2020-09-10","8.37","8.37","7.95","8.22","18080","2020","09","37","Thursday"
"SAV","2020-09-11","8.22","8.22","7.91","8.18","28110","2020","09","37","Friday"
"SAV","2020-09-14","8.52","8.52","7.91","8.22","36000","2020","09","38","Monday"
"SAV","2020-09-15","8.22","8.79","8.22","8.71","78340","2020","09","38","Tuesday"
"SAV","2020-09-16","8.71","9.13","8.71","8.9","91640","2020","09","38","Wednesday"
"SAV","2020-09-17","8.9","9.13","8.79","8.82","35230","2020","09","38","Thursday"
"SAV","2020-09-18","8.79","8.86","8.75","8.86","38210","2020","09","38","Friday"
"SAV","2020-09-21","8.75","8.82","8.52","8.75","80310","2020","09","39","Monday"
"SAV","2020-09-22","8.6","8.98","8.6","8.63","18020","2020","09","39","Tuesday"
"SAV","2020-09-23","8.75","8.94","8.71","8.75","31060","2020","09","39","Wednesday"
"SAV","2020-09-24","8.9","8.9","8.63","8.75","130330","2020","09","39","Thursday"
"SAV","2020-09-25","8.71","8.75","8.67","8.75","4530","2020","09","39","Friday"
"SAV","2020-09-28","8.75","8.98","8.75","8.9","71210","2020","09","40","Monday"
"SAV","2020-09-29","8.94","9.51","8.9","9.24","162720","2020","09","40","Tuesday"
"SAV","2020-09-30","9.43","9.51","9.13","9.43","59160","2020","09","40","Wednesday"
"SAV","2020-10-01","9.36","9.97","9.36","9.85","113150","2020","10","40","Thursday"
"SAV","2020-10-02","9.85","9.97","9.47","9.74","40180","2020","10","40","Friday"
"SAV","2020-10-05","9.74","10.04","9.55","10","36220","2020","10","41","Monday"
"SAV","2020-10-06","10","10.27","9.47","9.85","10560","2020","10","41","Tuesday"
"SAV","2020-10-07","9.51","10.12","9.51","10","210970","2020","10","41","Wednesday"
"SAV","2020-10-08","10","10.04","9.78","9.89","59520","2020","10","41","Thursday"
"SAV","2020-10-09","9.89","10.46","9.85","10.46","151270","2020","10","41","Friday"
"SAV","2020-10-12","10.65","11.18","10.5","11.14","200890","2020","10","42","Monday"
"SAV","2020-10-13","11.41","11.49","11.14","11.49","37540","2020","10","42","Tuesday"
"SAV","2020-10-14","11.49","11.6","11.26","11.49","182690","2020","10","42","Wednesday"
"SAV","2020-10-15","11.34","11.45","11.03","11.26","37600","2020","10","42","Thursday"
"SAV","2020-10-16","11.11","11.6","11.11","11.56","86190","2020","10","42","Friday"
"SAV","2020-10-19","11.41","11.64","11.22","11.56","29860","2020","10","43","Monday"
"SAV","2020-10-20","11.56","11.56","10.99","11.34","18420","2020","10","43","Tuesday"
"SAV","2020-10-21","11.49","12.02","11.49","11.6","121020","2020","10","43","Wednesday"
"SAV","2020-10-22","11.41","11.6","11.26","11.6","34690","2020","10","43","Thursday"
"SAV","2020-10-23","11.75","12.4","11.56","12.17","136960","2020","10","43","Friday"
"SAV","2020-10-26","12.4","12.48","12.17","12.25","50950","2020","10","44","Monday"
"SAV","2020-10-27","12.17","12.32","12.1","12.25","89760","2020","10","44","Tuesday"
"SAV","2020-10-28","12.1","12.21","11.53","11.56","102270","2020","10","44","Wednesday"
"SAV","2020-10-29","11.41","11.79","11.41","11.72","71570","2020","10","44","Thursday"
"SAV","2020-10-30","11.75","11.87","11.49","11.72","76340","2020","10","44","Friday"
"SAV","2020-11-02","11.72","11.72","11.53","11.72","30920","2020","11","45","Monday"
"SAV","2020-11-03","11.91","11.94","11.72","11.72","56910","2020","11","45","Tuesday"
"SAV","2020-11-04","11.72","12.17","11.72","12.17","50160","2020","11","45","Wednesday"
"SAV","2020-11-05","11.91","12.1","11.87","12.02","7420","2020","11","45","Thursday"
"SAV","2020-11-06","12.02","12.17","11.72","12.02","16520","2020","11","45","Friday"
"SAV","2020-11-09","12.02","12.48","12.02","12.48","73910","2020","11","46","Monday"
"SAV","2020-11-10","12.48","12.55","12.25","12.51","43320","2020","11","46","Tuesday"
"SAV","2020-11-11","12.51","13.16","12.51","13.01","73820","2020","11","46","Wednesday"
"SAV","2020-11-12","13.01","13.16","12.59","13.16","23330","2020","11","46","Thursday"
"SAV","2020-11-13","12.93","13.31","12.86","13.01","59050","2020","11","46","Friday"
"SAV","2020-11-16","13.09","13.16","12.71","12.78","103140","2020","11","47","Monday"
"SAV","2020-11-17","12.17","12.93","12.17","12.86","18430","2020","11","47","Tuesday"
"SAV","2020-11-18","12.86","12.86","12.55","12.86","68320","2020","11","47","Wednesday"
"SAV","2020-11-19","12.63","12.82","12.55","12.55","81800","2020","11","47","Thursday"
"SAV","2020-11-20","12.78","13.43","12.71","13.43","112330","2020","11","47","Friday"
"SAV","2020-11-23","13.43","13.46","12.93","13.16","55160","2020","11","48","Monday"
"SAV","2020-11-24","13.31","13.31","12.78","13.24","36560","2020","11","48","Tuesday"
"SAV","2020-11-25","13.01","13.16","12.86","13.16","57100","2020","11","48","Wednesday"
"SAV","2020-11-26","12.86","13.46","12.86","13.28","46770","2020","11","48","Thursday"
"SAV","2020-11-27","13.28","13.5","12.86","13.46","44420","2020","11","48","Friday"
"SAV","2020-11-30","12.93","13.24","12.93","12.93","46790","2020","11","49","Monday"
"SAV","2020-12-01","13.31","13.31","12.86","13.09","145230","2020","12","49","Tuesday"
"SAV","2020-12-02","12.97","13.12","12.93","13.01","71190","2020","12","49","Wednesday"
"SAV","2020-12-03","13.09","13.88","13.05","13.5","163180","2020","12","49","Thursday"
"SAV","2020-12-04","13.39","13.66","13.39","13.46","59040","2020","12","49","Friday"
"SAV","2020-12-07","13.35","13.69","12.89","12.89","213870","2020","12","50","Monday"
"SAV","2020-12-08","12.97","13.39","12.97","13.31","19630","2020","12","50","Tuesday"
"SAV","2020-12-09","13.58","13.66","13.24","13.39","57080","2020","12","50","Wednesday"
"SAV","2020-12-10","13.31","13.54","13.01","13.09","58370","2020","12","50","Thursday"
"SAV","2020-12-11","12.93","13.31","12.93","13.31","9660","2020","12","50","Friday"
"SAV","2020-12-14","13.46","13.46","13.09","13.31","53230","2020","12","51","Monday"
"SAV","2020-12-15","13.16","13.43","13.09","13.24","26360","2020","12","51","Tuesday"
"SAV","2020-12-16","13.31","13.31","12.93","13.24","69680","2020","12","51","Wednesday"
"SAV","2020-12-17","13.24","13.28","13.05","13.16","38040","2020","12","51","Thursday"
"SAV","2020-12-18","13.16","13.31","13.05","13.31","47500","2020","12","51","Friday"
"SAV","2020-12-21","13.2","13.39","13.2","13.24","43530","2020","12","52","Monday"
"SAV","2020-12-22","13.09","13.12","12.93","13.09","70510","2020","12","52","Tuesday"
"SAV","2020-12-23","12.93","12.97","12.55","12.78","100810","2020","12","52","Wednesday"
"SAV","2020-12-24","12.78","12.78","11.91","12.44","44330","2020","12","52","Thursday"
"SAV","2020-12-25","12.44","12.44","12.25","12.32","36280","2020","12","52","Friday"
"SAV","2020-12-28","12.32","12.32","11.87","12.25","57080","2020","12","53","Monday"
"SAV","2020-12-29","12.4","12.63","12.32","12.48","15830","2020","12","53","Tuesday"
"SAV","2020-12-30","12.17","12.71","12.17","12.48","28530","2020","12","53","Wednesday"
"SAV","2020-12-31","12.74","13.24","12.55","13.16","57550","2020","12","53","Thursday"
"SAV","2021-01-04","13.16","13.24","12.78","13.09","45300","2021","01","2","Monday"
"SAV","2021-01-05","13.31","13.31","13.09","13.09","36300","2021","01","2","Tuesday"
"SAV","2021-01-06","13.09","13.85","13.05","13.54","83500","2021","01","2","Wednesday"
"SAV","2021-01-07","13.54","13.77","13.54","13.77","39200","2021","01","2","Thursday"
"SAV","2021-01-08","13.92","14.61","13.92","14.38","62200","2021","01","2","Friday"
"SAV","2021-01-11","14.38","14.68","13.69","14.45","105900","2021","01","3","Monday"
"SAV","2021-01-12","14.07","14.49","14","14.45","33100","2021","01","3","Tuesday"
"SAV","2021-01-13","14.15","15.21","14.15","14.53","127200","2021","01","3","Wednesday"
"SAV","2021-01-14","14.53","15.29","14.53","15.06","50100","2021","01","3","Thursday"
"SAV","2021-01-15","16.09","16.09","15.29","15.6","68200","2021","01","3","Friday"
"SAV","2021-01-18","15.6","15.71","15.6","15.6","48000","2021","01","4","Monday"
"SAV","2021-01-19","15.63","15.63","14.61","15.06","114200","2021","01","4","Tuesday"
"SAV","2021-01-20","14.53","15.03","14.07","15.03","16300","2021","01","4","Wednesday"
"SAV","2021-01-21","15.98","15.98","15.6","15.82","107900","2021","01","4","Thursday"
"SAV","2021-01-22","15.71","15.82","15.52","15.75","57300","2021","01","4","Friday"
"SAV","2021-01-25","15.6","15.6","15.52","15.52","39200","2021","01","5","Monday"
"SAV","2021-01-26","15.52","15.52","15.21","15.37","55600","2021","01","5","Tuesday"
"SAV","2021-01-27","15.37","15.44","14.76","14.84","59000","2021","01","5","Wednesday"
"SAV","2021-01-28","13.81","14.68","13.81","13.81","140300","2021","01","5","Thursday"
"SAV","2021-01-29","12.86","14.76","12.86","14.76","2900","2021","01","5","Friday"
"SAV","2021-02-01","14.76","15.06","13.77","14.84","66400","2021","02","6","Monday"
"SAV","2021-02-02","14.45","15.21","14.45","14.99","41600","2021","02","6","Tuesday"
"SAV","2021-02-03","15.14","15.21","14.99","15.18","49400","2021","02","6","Wednesday"
"SAV","2021-02-04","14.91","15.14","14.84","14.91","2900","2021","02","6","Thursday"
"SAV","2021-02-05","14.95","15.21","14.84","15.21","34700","2021","02","6","Friday"
"SAV","2021-02-08","15.14","15.21","14.53","15.06","72100","2021","02","7","Monday"
"SAV","2021-02-09","15.06","15.82","15.06","15.21","57600","2021","02","7","Tuesday"
"SAV","2021-02-17","15.21","16.05","15.21","15.98","45600","2021","02","8","Wednesday"
"SAV","2021-02-18","16.13","16.66","16.05","16.62","45200","2021","02","8","Thursday"
"SAV","2021-02-19","16.62","16.62","16.51","16.58","45200","2021","02","8","Friday"
"SAV","2021-02-22","16.58","17.12","16.58","17.12","30400","2021","02","9","Monday"
"SAV","2021-02-23","17.34","17.34","16.96","17.04","36100","2021","02","9","Tuesday"
"SAV","2021-02-24","17.04","18.22","17.04","18.22","122500","2021","02","9","Wednesday"
"SAV","2021-02-25","19.4","19.48","18.91","19.48","61100","2021","02","9","Thursday"
"SAV","2021-02-26","19.48","20.81","19.48","20.81","31800","2021","02","9","Friday"
"SAV","2021-03-01","22.06","22.25","22.06","22.25","28700","2021","03","10","Monday"
"SAV","2021-03-02","23.77","23.77","20.77","22.71","104600","2021","03","10","Tuesday"
"SAV","2021-03-03","23.58","23.58","22.06","22.21","65500","2021","03","10","Wednesday"
"SAV","2021-03-04","22.21","22.21","21.45","21.45","20500","2021","03","10","Thursday"
"SAV","2021-03-05","20.92","21.83","20.08","21.83","123900","2021","03","10","Friday"
"SAV","2021-03-08","21.83","22.67","21.83","22.56","81500","2021","03","11","Monday"
"SAV","2021-03-09","22.56","22.59","22.06","22.56","24100","2021","03","11","Tuesday"
"SAV","2021-03-10","22.56","22.56","22.06","22.37","4000","2021","03","11","Wednesday"
"SAV","2021-03-11","22.37","22.37","21.68","22.14","43900","2021","03","11","Thursday"
"SAV","2021-03-12","22.14","22.29","22.06","22.14","22300","2021","03","11","Friday"
"SAV","2021-03-15","22.14","22.14","21.34","21.76","16600","2021","03","12","Monday"
"SAV","2021-03-16","21.57","21.68","21.3","21.68","14600","2021","03","12","Tuesday"
"SAV","2021-03-17","21.68","21.68","21.3","21.68","13500","2021","03","12","Wednesday"
"SAV","2021-03-18","22.29","23.16","21.76","23.16","61100","2021","03","12","Thursday"
"SAV","2021-03-19","24.57","24.76","24.57","24.76","37200","2021","03","12","Friday"
"SAV","2021-03-22","26.32","26.32","23.89","24.8","51400","2021","03","13","Monday"
"SAV","2021-03-23","26.02","26.51","25.18","26.51","119300","2021","03","13","Tuesday"
"SAV","2021-03-24","25.48","28.15","25.48","26.63","59300","2021","03","13","Wednesday"
"SAV","2021-03-25","26.63","28.15","26.63","27.69","25200","2021","03","13","Thursday"
"SAV","2021-03-26","28.07","29.29","28.07","28.76","98900","2021","03","13","Friday"
"SAV","2021-03-29","29.67","29.67","28.91","29.14","66100","2021","03","14","Monday"
"SAV","2021-03-30","28.91","29.67","28.83","28.98","44200","2021","03","14","Tuesday"
"SAV","2021-03-31","28.53","29.55","28.15","29.44","28400","2021","03","14","Wednesday"
"SAV","2021-04-01","29.36","29.67","28.91","28.91","34900","2021","04","14","Thursday"
"SAV","2021-04-02","28.91","29.67","28.53","28.53","28400","2021","04","14","Friday"
"SAV","2021-04-05","28.6","28.91","28.53","28.57","41600","2021","04","15","Monday"
"SAV","2021-04-06","28.91","29.29","28.91","29.29","44000","2021","04","15","Tuesday"
"SAV","2021-04-07","29.29","31.3","28.98","31.3","98900","2021","04","15","Wednesday"
"SAV","2021-04-08","33.47","33.47","33.4","33.47","65400","2021","04","15","Thursday"
"SAV","2021-04-09","33.89","35.79","33.89","35.79","54900","2021","04","15","Friday"
"SAV","2021-04-12","34.23","38.27","34.23","38.27","71500","2021","04","16","Monday"
"SAV","2021-04-13","38.8","38.8","36.52","37.96","35800","2021","04","16","Tuesday"
"SAV","2021-04-14","37.96","37.96","36.74","36.74","58000","2021","04","16","Wednesday"
"SAV","2021-04-15","35.83","36.14","34.2","34.2","104700","2021","04","16","Thursday"
"SAV","2021-04-16","35.83","31.84","31.84","31.84","50500","2021","04","16","Friday"
"SAV","2021-04-19","29.63","29.63","29.63","29.63","32100","2021","04","17","Monday"
"SAV","2021-04-20","27.58","27.58","27.58","27.58","33000","2021","04","17","Tuesday"
"SAV","2021-04-22","25.68","28.83","25.68","25.68","169400","2021","04","17","Thursday"
"SAV","2021-04-23","24.73","27.46","23.89","27.01","153600","2021","04","17","Friday"
"SAV","2021-04-26","27.77","27.77","25.14","25.48","62300","2021","04","18","Monday"
"SAV","2021-04-27","23.96","24.73","23.74","24.04","32800","2021","04","18","Tuesday"
"SAV","2021-04-28","24.34","24.34","22.52","23.96","24800","2021","04","18","Wednesday"
"SAV","2021-04-29","22.82","25.56","22.82","23.74","9200","2021","04","18","Thursday"
"SAV","2021-05-04","22.44","24.42","22.29","23.74","36400","2021","05","19","Tuesday"
"SAV","2021-05-05","23.74","23.74","22.25","23.58","17900","2021","05","19","Wednesday"
"SAV","2021-05-06","23.58","23.74","22.21","22.52","16200","2021","05","19","Thursday"
"SAV","2021-05-07","23.51","23.51","21.3","21.3","35700","2021","05","19","Friday"
"SAV","2021-05-10","23.51","22.14","21.45","21.45","38800","2021","05","20","Monday"
"SAV","2021-05-11","21.45","21.8","21","21.15","49400","2021","05","20","Tuesday"
"SAV","2021-05-12","21.45","21.99","21.45","21.76","33500","2021","05","20","Wednesday"
"SAV","2021-05-13","21.45","22.14","21.45","21.8","50600","2021","05","20","Thursday"
"SAV","2021-05-14","21.83","23.2","21.76","21.8","66600","2021","05","20","Friday"
"SAV","2021-05-17","22.67","22.67","21.53","21.76","79000","2021","05","21","Monday"
"SAV","2021-05-18","21.76","21.76","21.3","21.3","79300","2021","05","21","Tuesday"
"SAV","2021-05-19","21.87","21.87","21.23","21.23","36100","2021","05","21","Wednesday"
"SAV","2021-05-20","21.98","21.98","21.22","21.22","14000","2021","05","21","Thursday"
"SAV","2021-05-21","21.22","21.22","21.13","21.22","5500","2021","05","21","Friday"
"SAV","2021-05-24","21.13","21.64","21.13","21.13","24500","2021","05","22","Monday"
"SAV","2021-05-25","21.18","21.18","20.45","20.71","61300","2021","05","22","Tuesday"
"SAV","2021-05-26","20.71","20.71","20.28","20.62","35300","2021","05","22","Wednesday"
"SAV","2021-05-27","20.11","20.54","20.02","20.11","37300","2021","05","22","Thursday"
"SAV","2021-05-28","19.43","20.02","19.43","19.68","67300","2021","05","22","Friday"
"SAV","2021-05-31","19.6","20.45","19.17","19.17","35000","2021","05","23","Monday"
"SAV","2021-06-01","18.96","19.09","18.41","18.75","34700","2021","06","23","Tuesday"
"SAV","2021-06-02","18.66","18.66","18.07","18.32","41400","2021","06","23","Wednesday"
"SAV","2021-06-03","19.09","19.6","19.09","19.6","36900","2021","06","23","Thursday"
"SAV","2021-06-04","20.96","20.96","20.92","20.96","63400","2021","06","23","Friday"
"SAV","2021-06-07","22.41","22.41","22.41","22.41","12100","2021","06","24","Monday"
"SAV","2021-06-08","23.94","23.94","23.86","23.94","190700","2021","06","24","Tuesday"
"SAV","2021-06-09","22.32","24.03","22.28","23.86","56600","2021","06","24","Wednesday"
"SAV","2021-06-10","23.86","23.86","22.2","23.56","30000","2021","06","24","Thursday"
"SAV","2021-06-11","23.56","23.65","22.75","23.35","58000","2021","06","24","Friday"
"SAV","2021-06-14","22.67","23.01","22.67","22.67","25800","2021","06","25","Monday"
"SAV","2021-06-15","22.71","23.01","22.16","22.71","31600","2021","06","25","Tuesday"
"SAV","2021-06-16","22.41","22.84","22.16","22.84","25100","2021","06","25","Wednesday"
"SAV","2021-06-17","22.84","24.41","22.45","24.41","78700","2021","06","25","Thursday"
"SAV","2021-06-18","25.65","25.73","24.29","24.45","72400","2021","06","25","Friday"
"SAV","2021-06-21","23.94","24.71","23.94","24.63","8200","2021","06","26","Monday"
"SAV","2021-06-22","25.31","25.31","23.86","23.86","38700","2021","06","26","Tuesday"
"SAV","2021-06-23","23.86","23.86","23.3","23.77","18900","2021","06","26","Wednesday"
"SAV","2021-06-24","23.09","23.77","22.75","23.77","42100","2021","06","26","Thursday"
"SAV","2021-06-25","23.01","23.77","22.84","23.77","12400","2021","06","26","Friday"
"SAV","2021-06-28","22.75","23.69","22.75","23.01","11900","2021","06","27","Monday"
"SAV","2021-06-29","23.56","23.56","22.84","22.92","13900","2021","06","27","Tuesday"
"SAV","2021-06-30","22.92","22.92","22.32","22.32","15100","2021","06","27","Wednesday"
"SAV","2021-07-01","22.41","22.92","22.41","22.84","36100","2021","07","27","Thursday"
"SAV","2021-07-02","22.84","23.18","22.58","22.79","26600","2021","07","27","Friday"
"SAV","2021-07-05","22.79","23.01","22.41","22.84","11100","2021","07","28","Monday"
"SAV","2021-07-06","22.62","22.71","22.16","22.16","17300","2021","07","28","Tuesday"
"SAV","2021-07-07","22.16","22.58","21.98","22.58","20000","2021","07","28","Wednesday"
"SAV","2021-07-08","22.16","22.32","22.16","22.16","3800","2021","07","28","Thursday"
"SAV","2021-07-09","21.3","22.5","21.3","21.9","10700","2021","07","28","Friday"
"SAV","2021-07-12","20.88","21.81","20.41","20.41","40900","2021","07","29","Monday"
"SAV","2021-07-13","20.41","20.49","19.6","19.68","24000","2021","07","29","Tuesday"
"SAV","2021-07-14","21","21","19.6","20.79","5600","2021","07","29","Wednesday"
"SAV","2021-07-15","20.62","21.05","20.58","20.83","6800","2021","07","29","Thursday"
"SAV","2021-07-16","20.83","20.96","20.49","20.88","9200","2021","07","29","Friday"
"SAV","2021-07-19","19.64","20.36","19.47","20.28","36200","2021","07","30","Monday"
"SAV","2021-07-20","20.45","21.52","20.36","20.96","47600","2021","07","30","Tuesday"
"SAV","2021-07-21","20.36","21.22","20.11","20.41","8900","2021","07","30","Wednesday"
"SAV","2021-07-22","20.45","21.13","20.45","21.13","9400","2021","07","30","Thursday"
"SAV","2021-07-23","21.3","21.3","20.45","20.54","12300","2021","07","30","Friday"
"SAV","2021-07-26","21.13","21.13","20.28","20.79","4800","2021","07","31","Monday"
"SAV","2021-07-27","20.45","21.3","20.45","20.79","21200","2021","07","31","Tuesday"
"SAV","2021-07-28","20.49","20.79","20.49","20.79","900","2021","07","31","Wednesday"
"SAV","2021-07-29","20.54","20.88","20.45","20.88","13900","2021","07","31","Thursday"
"SAV","2021-07-30","20.54","20.88","20.54","20.88","5600","2021","07","31","Friday"
"SAV","2021-08-02","20.45","20.71","20.28","20.54","11300","2021","08","32","Monday"
"SAV","2021-08-03","20.54","20.62","20.45","20.62","10200","2021","08","32","Tuesday"
"SAV","2021-08-04","20.62","20.62","20.36","20.45","39600","2021","08","32","Wednesday"
"SAV","2021-08-05","20.45","20.45","20.07","20.45","32000","2021","08","32","Thursday"
"SAV","2021-08-06","21.43","21.43","20.28","20.88","3700","2021","08","32","Friday"
"SAV","2021-08-09","20.88","21.18","20.41","20.96","31400","2021","08","33","Monday"
"SAV","2021-08-10","20.45","22.16","20.45","22.07","47900","2021","08","33","Tuesday"
"SAV","2021-08-11","22.58","22.58","21.6","22.11","22600","2021","08","33","Wednesday"
"SAV","2021-08-12","21.86","22.58","21.86","22.16","50600","2021","08","33","Thursday"
"SAV","2021-08-13","22.11","23.69","22.11","23.69","88400","2021","08","33","Friday"
"SAV","2021-08-16","24.45","24.54","23.48","23.77","46500","2021","08","34","Monday"
"SAV","2021-08-17","23.77","24.16","23.05","23.52","16500","2021","08","34","Tuesday"
"SAV","2021-08-18","23.01","23.01","21.98","22.28","44800","2021","08","34","Wednesday"
"SAV","2021-08-19","21.86","22.75","21.86","22.16","30200","2021","08","34","Thursday"
"SAV","2021-08-20","22.16","22.5","21.13","21.13","34700","2021","08","34","Friday"
"SAV","2021-08-23","20.54","20.83","20.45","20.45","24100","2021","08","35","Monday"
"SAV","2021-08-24","20.11","20.96","20.02","20.71","16600","2021","08","35","Tuesday"
"SAV","2021-08-25","20.07","20.71","20.07","20.45","9800","2021","08","35","Wednesday"
"SAV","2021-08-26","20.45","20.88","20.28","20.28","20900","2021","08","35","Thursday"
"SAV","2021-08-27","20.36","20.96","20.36","20.79","5300","2021","08","35","Friday"
"SAV","2021-08-30","20.88","21.73","20.62","21.47","100100","2021","08","36","Monday"
"SAV","2021-08-31","22.96","22.96","22.96","22.96","41600","2021","08","36","Tuesday"
"SAV","2021-09-01","24.54","24.54","24.45","24.54","332100","2021","09","36","Wednesday"
"SAV","2021-09-06","26.16","26.16","24.37","24.8","143900","2021","09","37","Monday"
"SAV","2021-09-07","25.09","25.09","23.69","24.24","141200","2021","09","37","Tuesday"
"SAV","2021-09-08","22.84","23.82","22.58","23.01","247100","2021","09","37","Wednesday"
"SAV","2021-09-09","23.01","23.6","22.84","23.43","70400","2021","09","37","Thursday"
"SAV","2021-09-10","23.52","24.11","23.52","23.82","44700","2021","09","37","Friday"
"SAV","2021-09-13","24.29","24.29","22.84","23.01","89300","2021","09","38","Monday"
"SAV","2021-09-14","23.01","23.6","22.92","22.92","47400","2021","09","38","Tuesday"
"SAV","2021-09-15","22.84","23.01","22.67","23.01","36000","2021","09","38","Wednesday"
"SAV","2021-09-16","23.01","23.14","22.92","23.01","52900","2021","09","38","Thursday"
"SAV","2021-09-17","23.35","23.52","23.09","23.43","58300","2021","09","38","Friday"
"SAV","2021-09-20","23.9","24.71","23.86","24.33","117800","2021","09","39","Monday"
"SAV","2021-09-21","24.11","24.11","23.26","23.86","67000","2021","09","39","Tuesday"
"SAV","2021-09-22","23.6","24.97","23.52","24.88","140700","2021","09","39","Wednesday"
"SAV","2021-09-23","25.39","25.48","24.37","24.54","130000","2021","09","39","Thursday"
"SAV","2021-09-24","24.37","24.54","23.86","23.86","31200","2021","09","39","Friday"
"SAV","2021-09-27","23.26","23.52","22.37","22.58","81000","2021","09","40","Monday"
"SAV","2021-09-28","22.41","22.84","21.9","22.75","72300","2021","09","40","Tuesday"
"SAV","2021-09-29","22.75","23.22","22.5","23.22","19500","2021","09","40","Wednesday"
"SAV","2021-09-30","23.18","23.39","22.92","23.01","12400","2021","09","40","Thursday"
"SAV","2021-10-01","23.01","23.01","22.58","23.01","35500","2021","10","40","Friday"
"SAV","2021-10-04","23.01","23.01","22.58","22.84","26900","2021","10","41","Monday"
"SAV","2021-10-05","22.84","23.35","22.84","23.35","28100","2021","10","41","Tuesday"
"SAV","2021-10-06","23.35","23.43","23.09","23.26","29200","2021","10","41","Wednesday"
"SAV","2021-10-07","23.26","23.26","22.96","23.22","42900","2021","10","41","Thursday"
"SAV","2021-10-08","23.09","23.22","22.96","23.09","25200","2021","10","41","Friday"
"SAV","2021-10-11","23.09","23.94","23.09","23.43","80500","2021","10","42","Monday"
"SAV","2021-10-12","23.26","23.43","23.09","23.18","55600","2021","10","42","Tuesday"
"SAV","2021-10-13","23.43","23.43","23.05","23.09","28000","2021","10","42","Wednesday"
"SAV","2021-10-14","23.09","23.43","23.01","23.01","63200","2021","10","42","Thursday"
"SAV","2021-10-15","23.01","23.43","22.96","23.01","48800","2021","10","42","Friday"
"SAV","2021-10-18","23.01","23.01","22.16","22.67","111200","2021","10","43","Monday"
"SAV","2021-10-19","22.67","24.24","22.67","24.24","407100","2021","10","43","Tuesday"
"SAV","2021-10-20","25.09","25.09","23.52","23.99","102900","2021","10","43","Wednesday"
"SAV","2021-10-21","24.03","24.03","23.43","23.52","89200","2021","10","43","Thursday"
"SAV","2021-10-22","23.22","24.03","23.22","23.52","142600","2021","10","43","Friday"
"SAV","2021-10-25","23.43","24.67","23.43","24.63","325500","2021","10","44","Monday"
"SAV","2021-10-26","25.05","26.33","24.54","26.33","289600","2021","10","44","Tuesday"
"SAV","2021-10-27","28.12","28.12","26.84","27.27","168600","2021","10","44","Wednesday"
"SAV","2021-10-28","26.84","27.18","26.25","26.25","312200","2021","10","44","Thursday"
"SAV","2021-10-29","25.82","28.08","25.82","28.08","402700","2021","10","44","Friday"
"SAV","2021-11-01","28.72","29.7","28.08","28.97","219600","2021","11","45","Monday"
"SAV","2021-11-02","28.12","28.97","28.12","28.72","150000","2021","11","45","Tuesday"
"SAV","2021-11-03","28.16","28.5","26.71","27.1","283400","2021","11","45","Wednesday"
"SAV","2021-11-04","26.33","27.78","26.33","27.78","157600","2021","11","45","Thursday"
"SAV","2021-11-05","28.2","29.14","28.12","29.14","209400","2021","11","45","Friday"
"SAV","2021-11-08","29.14","29.14","28.29","28.89","100400","2021","11","46","Monday"
"SAV","2021-11-09","28.84","28.84","28.03","28.03","84000","2021","11","46","Tuesday"
"SAV","2021-11-10","26.76","27.95","26.76","27.69","120300","2021","11","46","Wednesday"
"SAV","2021-11-11","27.69","28.97","27.65","27.95","126200","2021","11","46","Thursday"
"SAV","2021-11-12","27.95","27.95","27.44","27.69","57900","2021","11","46","Friday"
"SAV","2021-11-15","27.78","27.86","27.18","27.23","133200","2021","11","47","Monday"
"SAV","2021-11-16","27.23","27.23","26.41","26.54","98500","2021","11","47","Tuesday"
"SAV","2021-11-17","26.46","27.39","26.33","26.71","67900","2021","11","47","Wednesday"
"SAV","2021-11-18","26.76","26.76","25.56","26.25","95400","2021","11","47","Thursday"
"SAV","2021-11-19","26.25","26.25","24.71","24.71","165700","2021","11","47","Friday"
"SAV","2021-11-22","24.71","24.8","23.52","23.52","158300","2021","11","48","Monday"
"SAV","2021-11-23","23.48","25.01","23.48","24.84","64000","2021","11","48","Tuesday"
"SAV","2021-11-24","25.9","25.9","24.67","24.67","49200","2021","11","48","Wednesday"
"SAV","2021-11-25","25.09","25.09","22.96","24.67","54500","2021","11","48","Thursday"
"SAV","2021-11-26","24.63","24.71","24.11","24.2","67000","2021","11","48","Friday"
"SAV","2021-11-29","23.99","24.71","23.94","24.2","57000","2021","11","49","Monday"
"SAV","2021-11-30","25.14","25.14","24.2","24.24","95100","2021","11","49","Tuesday"
"SAV","2021-12-01","24.29","24.88","24.29","24.71","45500","2021","12","49","Wednesday"
"SAV","2021-12-02","25.14","25.14","24.45","24.8","39700","2021","12","49","Thursday"
"SAV","2021-12-03","24.71","24.97","24.41","24.41","91000","2021","12","49","Friday"
"SAV","2021-12-06","24.63","24.63","23.01","23.01","73900","2021","12","50","Monday"
"SAV","2021-12-07","23.3","24.54","23.3","24.54","39100","2021","12","50","Tuesday"
"SAV","2021-12-08","24.54","24.88","24.2","24.45","15900","2021","12","50","Wednesday"
"SAV","2021-12-09","24.2","24.45","24.07","24.45","16100","2021","12","50","Thursday"
"SAV","2021-12-10","24.45","24.45","23.86","24.16","28300","2021","12","50","Friday"
"SAV","2021-12-13","23.73","24.5","23.73","24.29","27100","2021","12","51","Monday"
"SAV","2021-12-14","24.11","24.29","23.86","24.03","55600","2021","12","51","Tuesday"
"SAV","2021-12-15","23.86","24.5","23.73","24.07","41600","2021","12","51","Wednesday"
"SAV","2021-12-16","23.86","24.24","23.77","24.2","47000","2021","12","51","Thursday"
"SAV","2021-12-17","24.2","24.2","23.77","23.86","78200","2021","12","51","Friday"
"SAV","2021-12-20","23.86","24.16","23.82","23.94","49000","2021","12","52","Monday"
"SAV","2021-12-21","23.94","24.03","23.69","23.86","52000","2021","12","52","Tuesday"
"SAV","2021-12-22","23.86","23.86","23.6","23.69","52000","2021","12","52","Wednesday"
"SAV","2021-12-23","23.52","23.56","22.58","22.58","92100","2021","12","52","Thursday"
"SAV","2021-12-24","22.58","23.69","22.58","23.43","31800","2021","12","52","Friday"
"SAV","2021-12-27","23.43","23.77","23.01","23.77","23600","2021","12","53","Monday"
"SAV","2021-12-28","23.77","23.82","23.43","23.43","34900","2021","12","53","Tuesday"
"SAV","2021-12-29","23.14","23.6","23.14","23.6","20400","2021","12","53","Wednesday"
"SAV","2021-12-30","23.18","23.99","23.18","23.73","28600","2021","12","53","Thursday"
"SAV","2021-12-31","23.73","23.94","23.73","23.77","25400","2021","12","53","Friday"
"SAV","2022-01-04","23.77","24.24","23.77","23.99","18200","2022","01","1","Tuesday"
"SAV","2022-01-05","23.94","24.11","23.52","23.86","29800","2022","01","1","Wednesday"
"SAV","2022-01-06","23.86","24.2","23.65","24.07","42800","2022","01","1","Thursday"
"SAV","2022-01-07","23.86","24.07","23.86","24.03","35100","2022","01","1","Friday"
"SAV","2022-01-10","23.94","24.03","23.73","23.73","26000","2022","01","2","Monday"
"SAV","2022-01-11","23.73","23.82","23.48","23.6","50000","2022","01","2","Tuesday"
"SAV","2022-01-12","23.82","23.82","22.88","23.65","35700","2022","01","2","Wednesday"
"SAV","2022-01-13","23.86","23.86","22.92","23.09","48400","2022","01","2","Thursday"
"SAV","2022-01-14","23.09","23.43","23.01","23.26","26700","2022","01","2","Friday"
"SAV","2022-01-17","23.18","23.18","22.58","22.62","13800","2022","01","3","Monday"
"SAV","2022-01-18","23.86","23.86","23.3","23.3","2300","2022","01","3","Tuesday"
"SAV","2022-01-19","23.69","23.69","22.5","23.14","11800","2022","01","3","Wednesday"
"SAV","2022-01-20","22.84","23.09","22.84","23.01","18200","2022","01","3","Thursday"
"SAV","2022-01-21","22.92","23.48","22.75","23.01","7400","2022","01","3","Friday"
"SAV","2022-01-24","23.22","23.22","22.16","22.16","36200","2022","01","4","Monday"
"SAV","2022-01-25","22.58","22.58","21.56","22.58","27600","2022","01","4","Tuesday"
"SAV","2022-01-26","22.58","22.58","22.11","22.5","16100","2022","01","4","Wednesday"
"SAV","2022-01-27","22.96","22.96","21.94","22.45","15100","2022","01","4","Thursday"
"SAV","2022-01-28","22.58","22.58","21.77","21.9","56300","2022","01","4","Friday"
"SAV","2022-02-07","22.75","22.75","21.98","22.11","21400","2022","02","6","Monday"
"SAV","2022-02-08","22.16","22.58","20.62","22.45","47200","2022","02","6","Tuesday"
"SAV","2022-02-09","22.16","22.45","21.9","22.41","22300","2022","02","6","Wednesday"
"SAV","2022-02-10","22.41","22.5","22.16","22.5","9000","2022","02","6","Thursday"
"SAV","2022-02-11","22.58","22.58","22.16","22.5","9600","2022","02","6","Friday"
"SAV","2022-02-14","22.2","22.67","22.16","22.41","21200","2022","02","7","Monday"
"SAV","2022-02-15","22.5","22.5","22.11","22.37","15700","2022","02","7","Tuesday"
"SAV","2022-02-16","22.37","22.37","22.16","22.24","17900","2022","02","7","Wednesday"
"SAV","2022-02-17","22.16","22.41","22.11","22.11","42000","2022","02","7","Thursday"
"SAV","2022-02-18","22.07","22.84","22.07","22.58","14900","2022","02","7","Friday"
"SAV","2022-02-21","22.58","22.58","22.2","22.32","27600","2022","02","8","Monday"
"SAV","2022-02-22","22.32","22.32","20.79","22.32","29100","2022","02","8","Tuesday"
"SAV","2022-02-23","22.37","22.37","22.07","22.07","24100","2022","02","8","Wednesday"
"SAV","2022-02-24","22.2","22.2","21.73","21.98","26800","2022","02","8","Thursday"
"SAV","2022-02-25","22.58","22.58","21.9","22.07","11600","2022","02","8","Friday"
"SAV","2022-02-28","21.98","22.16","21.94","21.98","18200","2022","02","9","Monday"
"SAV","2022-03-01","22.16","22.16","21.98","22.07","11400","2022","03","9","Tuesday"
"SAV","2022-03-02","21.98","22.5","21.94","22.07","18300","2022","03","9","Wednesday"
"SAV","2022-03-03","22.07","23.18","22.07","23.18","46500","2022","03","9","Thursday"
"SAV","2022-03-04","23.3","24.16","23.3","23.94","63800","2022","03","9","Friday"
"SAV","2022-03-07","23.73","24.03","23.6","23.86","41400","2022","03","10","Monday"
"SAV","2022-03-08","23.9","24.2","23.6","23.94","55100","2022","03","10","Tuesday"
"SAV","2022-03-09","23.77","24.16","23.73","23.94","43400","2022","03","10","Wednesday"
"SAV","2022-03-10","24.29","25.48","24.24","24.8","48000","2022","03","10","Thursday"
"SAV","2022-03-11","25.14","26.5","24.67","25.65","220500","2022","03","10","Friday"
"SAV","2022-03-14","26.33","26.33","24.71","24.8","47100","2022","03","11","Monday"
"SAV","2022-03-15","24.88","24.88","23.94","24.33","26100","2022","03","11","Tuesday"
"SAV","2022-03-16","24.2","25.56","23.9","24.71","68000","2022","03","11","Wednesday"
"SAV","2022-03-17","24.71","24.71","23.94","24.37","26100","2022","03","11","Thursday"
"SAV","2022-03-18","24.37","24.37","23.82","23.94","63600","2022","03","11","Friday"
"SAV","2022-03-21","23.86","24.2","23.86","24.03","20400","2022","03","12","Monday"
"SAV","2022-03-22","24.71","24.71","24.16","24.5","46600","2022","03","12","Tuesday"
"SAV","2022-03-23","24.11","24.54","24.11","24.41","29500","2022","03","12","Wednesday"
"SAV","2022-03-24","24.29","24.45","24.16","24.16","20000","2022","03","12","Thursday"
"SAV","2022-03-25","24.16","24.29","24.16","24.24","11700","2022","03","12","Friday"
"SAV","2022-03-28","24.07","24.24","23.82","24.24","37100","2022","03","13","Monday"
"SAV","2022-03-29","24.71","25.9","24.67","25.31","86900","2022","03","13","Tuesday"
"SAV","2022-03-30","25.31","25.31","24.41","24.8","23500","2022","03","13","Wednesday"
"SAV","2022-03-31","24.88","24.97","24.5","24.5","12700","2022","03","13","Thursday"
"SAV","2022-04-01","24.37","25.14","24.29","25.01","31300","2022","04","13","Friday"
"SAV","2022-04-04","25.39","25.39","24.54","24.8","16800","2022","04","14","Monday"
"SAV","2022-04-05","25.14","25.14","24.71","24.71","21300","2022","04","14","Tuesday"
"SAV","2022-04-06","24.71","24.8","24.41","24.71","16000","2022","04","14","Wednesday"
"SAV","2022-04-07","24.71","24.8","24.71","24.8","8400","2022","04","14","Thursday"
"SAV","2022-04-08","24.8","25.14","24.71","24.71","33400","2022","04","14","Friday"
"SAV","2022-04-12","24.71","24.71","24.45","24.45","27100","2022","04","15","Tuesday"
"SAV","2022-04-13","25.05","25.05","23.86","24.84","10700","2022","04","15","Wednesday"
"SAV","2022-04-14","24.29","24.88","24.24","24.8","13500","2022","04","15","Thursday"
"SAV","2022-04-15","24.37","25.05","23.86","24.29","64700","2022","04","15","Friday"
"SAV","2022-04-18","24.29","25.14","23.01","23.9","62600","2022","04","16","Monday"
"SAV","2022-04-19","23.9","24.97","23.9","24.29","24200","2022","04","16","Tuesday"
"SAV","2022-04-20","23.86","24.11","23.01","23.01","16200","2022","04","16","Wednesday"
"SAV","2022-04-21","23.01","23.43","21.43","23.3","37900","2022","04","16","Thursday"
"SAV","2022-04-22","23.35","23.77","22.32","22.58","11300","2022","04","16","Friday"
"SAV","2022-04-25","22.58","23.01","21.64","21.73","22800","2022","04","17","Monday"
"SAV","2022-04-26","20.88","21.56","20.88","21.56","26400","2022","04","17","Tuesday"
"SAV","2022-04-27","21.3","22.28","21.3","21.52","13100","2022","04","17","Wednesday"
"SAV","2022-04-28","21.6","22.03","21.6","21.73","26800","2022","04","17","Thursday"
"SAV","2022-04-29","21.9","22.07","21.69","21.77","12800","2022","04","17","Friday"
"SAV","2022-05-04","21.77","23.26","21.77","23.01","6400","2022","05","18","Wednesday"
"SAV","2022-05-05","23.01","23.01","22.16","22.16","11200","2022","05","18","Thursday"
"SAV","2022-05-06","22.16","22.58","21.73","21.73","24700","2022","05","18","Friday"
"SAV","2022-05-09","21.3","21.3","20.45","21.05","18100","2022","05","19","Monday"
"SAV","2022-05-10","19.64","21.22","19.64","20.96","10700","2022","05","19","Tuesday"
"SAV","2022-05-11","20.54","21.69","20.54","21.69","24200","2022","05","19","Wednesday"
"SAV","2022-05-12","21.3","21.3","20.45","20.49","15800","2022","05","19","Thursday"
"SAV","2022-05-13","19.94","20.45","19.85","19.94","26100","2022","05","19","Friday"
"SAV","2022-05-16","20.75","20.75","19.94","19.94","12700","2022","05","20","Monday"
"SAV","2022-05-17","19.68","21.13","19.68","21.13","11300","2022","05","20","Tuesday"
"SAV","2022-05-18","21.13","21.13","20.45","20.96","30300","2022","05","20","Wednesday"
"SAV","2022-05-19","20.45","20.79","20.32","20.58","8700","2022","05","20","Thursday"
"SAV","2022-05-20","20.58","20.58","20.45","20.58","10200","2022","05","20","Friday"
"SAV","2022-05-23","20.92","20.92","20.88","20.88","400","2022","05","21","Monday"
"SAV","2022-05-24","20.45","20.62","20.45","20.58","900","2022","05","21","Tuesday"
"SAV","2022-05-25","20.83","20.83","20.45","20.62","7000","2022","05","21","Wednesday"
"SAV","2022-05-26","20.88","20.88","20.62","20.62","2400","2022","05","21","Thursday"
"SAV","2022-05-27","20.62","20.62","20.54","20.62","27200","2022","05","21","Friday"
"SAV","2022-05-30","20.24","20.88","20.24","20.83","17300","2022","05","22","Monday"
"SAV","2022-05-31","20.92","21.3","20.71","21.3","51300","2022","05","22","Tuesday"
"SAV","2022-06-01","21.05","21.3","19.85","21.22","31800","2022","06","22","Wednesday"
"SAV","2022-06-02","22.35","22.4","21.4","21.45","12500","2022","06","22","Thursday"
"SAV","2022-06-03","21.45","21.6","20.1","21.6","6200","2022","06","22","Friday"
"SAV","2022-06-06","21","21.5","20.4","20.6","6700","2022","06","23","Monday"
"SAV","2022-06-07","21.2","21.4","20.25","20.3","5800","2022","06","23","Tuesday"
"SAV","2022-06-08","20.2","20.45","20.2","20.4","20900","2022","06","23","Wednesday"
"SAV","2022-06-09","20.5","20.5","20.3","20.35","9500","2022","06","23","Thursday"
"SAV","2022-06-10","20.3","20.5","20.2","20.3","9900","2022","06","23","Friday"
"SAV","2022-06-13","19.7","19.8","19","19.05","24900","2022","06","24","Monday"
"SAV","2022-06-14","18.7","19.5","17.9","18.9","5300","2022","06","24","Tuesday"
"SAV","2022-06-15","18.9","18.9","17.6","17.9","21700","2022","06","24","Wednesday"
"SAV","2022-06-16","17.9","18.2","17","17.9","6400","2022","06","24","Thursday"
"SAV","2022-06-17","17","17.5","16.65","17.2","15500","2022","06","24","Friday"
"SAV","2022-06-20","16.8","17","16","16","29300","2022","06","25","Monday"
"SAV","2022-06-21","15.3","15.4","15","15","13400","2022","06","25","Tuesday"
"SAV","2022-06-22","15.1","16.05","15.1","15.5","13500","2022","06","25","Wednesday"
"SAV","2022-06-23","16.3","16.55","16.3","16.5","14400","2022","06","25","Thursday"
"SAV","2022-06-24","16.5","16.5","16.5","16.5","3200","2022","06","25","Friday"
"SAV","2022-06-27","16.6","17.65","16.6","17.65","13500","2022","06","26","Monday"
"SAV","2022-06-28","18.75","18.75","17.7","18.65","2100","2022","06","26","Tuesday"
"SAV","2022-06-29","19.2","19.3","18.05","19.1","3600","2022","06","26","Wednesday"
"SAV","2022-06-30","19.5","19.5","18","18.4","3600","2022","06","26","Thursday"
"SAV","2022-07-01","18.1","18.3","17.5","17.85","1600","2022","07","26","Friday"
"SAV","2022-07-04","17.85","19","17.85","18.3","5600","2022","07","27","Monday"
"SAV","2022-07-05","17.8","18","17.6","18","2200","2022","07","27","Tuesday"
"SAV","2022-07-06","18","18","17.3","17.85","12300","2022","07","27","Wednesday"
"SAV","2022-07-07","17.05","17.8","16.75","17.6","9200","2022","07","27","Thursday"
"SAV","2022-07-08","17.55","18","17.55","17.9","17500","2022","07","27","Friday"
"SAV","2022-07-11","16.7","17.75","16.7","17.4","20000","2022","07","28","Monday"
"SAV","2022-07-12","16.8","17.8","16.8","17.7","7100","2022","07","28","Tuesday"
"SAV","2022-07-13","17.6","17.6","16.9","17.25","15900","2022","07","28","Wednesday"
"SAV","2022-07-14","17.2","17.25","16.6","16.6","18100","2022","07","28","Thursday"
"SAV","2022-07-15","17.2","17.3","17","17","10600","2022","07","28","Friday"
"SAV","2022-07-18","16.6","17.1","16.5","16.95","12300","2022","07","29","Monday"
"SAV","2022-07-19","17.1","17.2","17.05","17.05","7900","2022","07","29","Tuesday"
"SAV","2022-07-20","17.05","17.05","16.7","17.05","18500","2022","07","29","Wednesday"
"SAV","2022-07-21","17.7","18.15","17.65","17.8","47000","2022","07","29","Thursday"
"SAV","2022-07-22","18.8","18.8","18","18.1","15600","2022","07","29","Friday"
"SAV","2022-07-25","17.7","18.1","17.6","17.95","25100","2022","07","30","Monday"
"SAV","2022-07-26","18","18.3","18","18.25","22600","2022","07","30","Tuesday"
"SAV","2022-07-27","18.25","18.45","17.95","17.95","5400","2022","07","30","Wednesday"
"SAV","2022-07-28","18.75","18.75","17.95","18","13900","2022","07","30","Thursday"
"SAV","2022-07-29","18","18.45","18","18.4","11300","2022","07","30","Friday"
"SAV","2022-08-01","18.4","18.5","18.2","18.4","16400","2022","08","31","Monday"
"SAV","2022-08-02","18.4","18.85","18.3","18.85","17100","2022","08","31","Tuesday"
"SAV","2022-08-03","18.5","19","18.5","19","11300","2022","08","31","Wednesday"
"SAV","2022-08-04","19.1","19.1","18.65","19.05","22000","2022","08","31","Thursday"
"SAV","2022-08-05","19","19.1","18.9","19.1","15800","2022","08","31","Friday"
"SAV","2022-08-08","19.2","19.45","18.95","19.3","26400","2022","08","32","Monday"
"SAV","2022-08-09","19.55","19.55","19","19.4","8300","2022","08","32","Tuesday"
"SAV","2022-08-10","19.5","19.5","19","19.2","20000","2022","08","32","Wednesday"
"SAV","2022-08-11","18.95","19.4","18.85","19.2","8000","2022","08","32","Thursday"
"SAV","2022-08-12","19.2","19.2","18.7","18.8","27100","2022","08","32","Friday"
"SAV","2022-08-15","18.8","19.25","18.75","18.9","15300","2022","08","33","Monday"
"SAV","2022-08-16","18.8","19.05","18.8","19.05","11800","2022","08","33","Tuesday"
"SAV","2022-08-17","19.35","19.35","18.95","19.05","4600","2022","08","33","Wednesday"
"SAV","2022-08-18","18.9","19","18.9","19","1800","2022","08","33","Thursday"
"SAV","2022-08-19","18.8","19","18.45","18.45","65300","2022","08","33","Friday"
"SAV","2022-08-22","18.5","18.9","18.4","18.45","32600","2022","08","34","Monday"
"SAV","2022-08-23","18.45","18.55","18.3","18.55","6400","2022","08","34","Tuesday"
"SAV","2022-08-24","18.65","18.75","18.55","18.75","7800","2022","08","34","Wednesday"
"SAV","2022-08-25","18.7","18.85","18.5","18.65","14000","2022","08","34","Thursday"
"SAV","2022-08-26","18.65","18.75","18.45","18.55","9400","2022","08","34","Friday"
"SAV","2022-08-29","18.4","18.55","18.3","18.5","6200","2022","08","35","Monday"
"SAV","2022-08-30","18.65","18.7","18.35","18.55","12600","2022","08","35","Tuesday"
"SAV","2022-08-31","18.4","18.6","18.35","18.6","13900","2022","08","35","Wednesday"
"SAV","2022-09-05","18.6","18.6","18.3","18.3","2900","2022","09","36","Monday"
"SAV","2022-09-06","18.4","18.6","18.3","18.3","15700","2022","09","36","Tuesday"
"SAV","2022-09-07","18.25","18.4","18.15","18.4","14400","2022","09","36","Wednesday"
"SAV","2022-09-08","18.25","18.45","18.1","18.45","42200","2022","09","36","Thursday"
"SAV","2022-09-09","18.2","18.45","18.1","18.3","29200","2022","09","36","Friday"
"SAV","2022-09-12","18.15","18.25","18.1","18.2","7400","2022","09","37","Monday"
"SAV","2022-09-13","18.1","18.95","18.1","18.95","1300","2022","09","37","Tuesday"
"SAV","2022-09-14","18.1","18.9","18.1","18.7","25100","2022","09","37","Wednesday"
"SAV","2022-09-15","18.3","18.7","18.3","18.65","600","2022","09","37","Thursday"
"SAV","2022-09-16","18.3","18.3","18.25","18.3","33600","2022","09","37","Friday"
"SAV","2022-09-19","18.85","18.85","17.95","18.25","22500","2022","09","38","Monday"
"SAV","2022-09-20","17.9","18.5","17.85","18.4","20300","2022","09","38","Tuesday"
"SAV","2022-09-21","18.3","18.35","18.3","18.35","700","2022","09","38","Wednesday"
"SAV","2022-09-22","18.2","18.3","18","18.3","2900","2022","09","38","Thursday"
"SAV","2022-09-23","18.2","18.3","18","18.3","12400","2022","09","38","Friday"
"SAV","2022-09-26","18.1","18.1","17.55","18","18600","2022","09","39","Monday"
"SAV","2022-09-27","17.8","17.8","16.8","17.6","36000","2022","09","39","Tuesday"
"SAV","2022-09-28","17.15","17.7","17","17.6","19600","2022","09","39","Wednesday"
"SAV","2022-09-29","17.6","17.6","17.6","17.6","6600","2022","09","39","Thursday"
"SAV","2022-09-30","17.15","17.5","16.9","17.5","10100","2022","09","39","Friday"
"SAV","2022-10-03","17","17.5","16.8","16.8","9600","2022","10","40","Monday"
"SAV","2022-10-04","16.05","16.9","15.65","15.65","9900","2022","10","40","Tuesday"
"SAV","2022-10-05","15.65","16.45","15.65","16.25","8000","2022","10","40","Wednesday"
"SAV","2022-10-06","16.1","16.25","16","16.15","4000","2022","10","40","Thursday"
"SAV","2022-10-07","16.1","16.1","15.4","15.95","3700","2022","10","40","Friday"
"SAV","2022-10-10","15.95","16.35","15","16.05","4500","2022","10","41","Monday"
"SAV","2022-10-11","16","16.05","15.1","15.8","4700","2022","10","41","Tuesday"
"SAV","2022-10-12","15.65","15.9","15.6","15.9","24400","2022","10","41","Wednesday"
"SAV","2022-10-13","15.9","16.3","15.9","16.3","300","2022","10","41","Thursday"
"SAV","2022-10-14","16","16","15.95","15.95","1600","2022","10","41","Friday"
"SAV","2022-10-17","16","16","16","16","800","2022","10","42","Monday"
"SAV","2022-10-18","16","16.4","16","16.4","1500","2022","10","42","Tuesday"
"SAV","2022-10-19","16.35","16.35","15.7","15.7","3000","2022","10","42","Wednesday"
"SAV","2022-10-20","16","16","15.8","15.95","400","2022","10","42","Thursday"
"SAV","2022-10-21","16","16","15.3","15.7","900","2022","10","42","Friday"
"SAV","2022-10-24","15.7","15.8","15.05","15.05","23100","2022","10","43","Monday"
"SAV","2022-10-25","15.45","15.45","15","15.35","7400","2022","10","43","Tuesday"
"SAV","2022-10-26","15.35","15.35","14.4","14.95","8300","2022","10","43","Wednesday"
"SAV","2022-10-27","14.9","15.3","14.3","15.3","2100","2022","10","43","Thursday"
"SAV","2022-10-28","15","15.25","15","15.25","500","2022","10","43","Friday"
"SAV","2022-10-31","15","15","15","15","600","2022","10","44","Monday"
"SAV","2022-11-01","15","15","14.4","14.95","4100","2022","11","44","Tuesday"
"SAV","2022-11-02","14.15","14.95","13.95","14.95","8200","2022","11","44","Wednesday"
"SAV","2022-11-03","14.9","14.95","14.5","14.9","1000","2022","11","44","Thursday"
"SAV","2022-11-04","14.5","14.55","13.9","13.9","11100","2022","11","44","Friday"
"SAV","2022-11-07","13.6","14.15","13.1","13.8","4600","2022","11","45","Monday"
"SAV","2022-11-08","13.3","13.45","13","13.45","14500","2022","11","45","Tuesday"
"SAV","2022-11-09","13.1","13.75","13","13.4","10200","2022","11","45","Wednesday"
"SAV","2022-11-10","13.15","13.3","12.9","13.3","6700","2022","11","45","Thursday"
"SAV","2022-11-11","14","14","14","14","100","2022","11","45","Friday"
"SAV","2022-11-14","13.45","13.45","13.1","13.4","1400","2022","11","46","Monday"
"SAV","2022-11-15","12.5","12.95","12.5","12.9","1800","2022","11","46","Tuesday"
"SAV","2022-11-16","12","13.5","12","13.5","17100","2022","11","46","Wednesday"
"SAV","2022-11-17","13.6","13.8","13.5","13.7","1400","2022","11","46","Thursday"
"SAV","2022-11-18","13.5","13.7","13.5","13.7","300","2022","11","46","Friday"
"SAV","2022-11-21","14.5","14.5","12.9","13.7","300","2022","11","47","Monday"
"SAV","2022-11-22","14.35","14.35","13.3","13.35","2700","2022","11","47","Tuesday"
"SAV","2022-11-23","13.8","13.8","12.9","12.9","1000","2022","11","47","Wednesday"
"SAV","2022-11-24","12.25","12.85","12","12.5","8000","2022","11","47","Thursday"
"SAV","2022-11-25","12.5","12.6","12.45","12.5","9900","2022","11","47","Friday"
"SAV","2022-11-28","13","13.35","12.65","13.15","5500","2022","11","48","Monday"
"SAV","2022-11-29","13.75","13.75","12.65","13.05","18400","2022","11","48","Tuesday"
"SAV","2022-11-30","13","13.3","13","13.25","4600","2022","11","48","Wednesday"
"SAV","2022-12-01","13.25","13.65","13","13.45","8700","2022","12","48","Thursday"
"SAV","2022-12-02","13.05","13.45","13.05","13.4","15100","2022","12","48","Friday"
"SAV","2022-12-05","13.15","13.5","13","13.5","17100","2022","12","49","Monday"
"SAV","2022-12-06","13.4","13.65","12.6","13.65","37800","2022","12","49","Tuesday"
"SAV","2022-12-07","12.9","13.5","12.8","13.3","9500","2022","12","49","Wednesday"
"SAV","2022-12-08","12.7","13.5","12.7","13.4","14100","2022","12","49","Thursday"
"SAV","2022-12-09","12.95","13.6","12.95","13.6","12400","2022","12","49","Friday"
"SAV","2022-12-12","13.5","13.6","13.3","13.6","40200","2022","12","50","Monday"
"SAV","2022-12-13","13.4","13.75","13.4","13.75","3800","2022","12","50","Tuesday"
"SAV","2022-12-14","13.65","14","13.5","14","17700","2022","12","50","Wednesday"
"SAV","2022-12-15","13.95","14.5","13.85","14.5","18100","2022","12","50","Thursday"
"SAV","2022-12-16","14.5","15.35","14.5","15","99200","2022","12","50","Friday"
"SAV","2022-12-19","15.1","15.65","15","15.65","24500","2022","12","51","Monday"
"SAV","2022-12-20","15","15.1","14.65","15.1","18800","2022","12","51","Tuesday"
"SAV","2022-12-21","14.85","15.1","14.8","15.05","5800","2022","12","51","Wednesday"
"SAV","2022-12-22","15.05","15.05","15.05","15.05","46500","2022","12","51","Thursday"
"SAV","2022-12-23","15.1","15.1","14.8","14.8","8400","2022","12","51","Friday"
"SAV","2022-12-26","15.1","15.1","14.55","14.55","10000","2022","12","52","Monday"
"SAV","2022-12-27","14.55","14.85","14.5","14.85","2600","2022","12","52","Tuesday"
"SAV","2022-12-28","14.6","14.9","14.45","14.9","2100","2022","12","52","Wednesday"
"SAV","2022-12-30","15.5","15.5","14.65","14.65","2100","2022","12","52","Friday"
"SAV","2023-01-03","14.65","14.9","14.6","14.9","3900","2023","01","1","Tuesday"
"SAV","2023-01-04","14.9","15","14.9","14.9","25600","2023","01","1","Wednesday"
"SAV","2023-01-05","14.75","14.95","14.7","14.95","8100","2023","01","1","Thursday"
"SAV","2023-01-06","14.65","14.95","14.5","14.95","10200","2023","01","1","Friday"
"SAV","2023-01-09","14.75","14.9","14","14.9","7600","2023","01","2","Monday"
"SAV","2023-01-10","15.8","15.8","14.05","14.95","7000","2023","01","2","Tuesday"
"SAV","2023-01-11","14.9","14.95","14.9","14.95","200","2023","01","2","Wednesday"
"SAV","2023-01-12","14.7","14.85","14.7","14.85","22200","2023","01","2","Thursday"
"SAV","2023-01-16","14.2","14.6","14.2","14.4","3800","2023","01","3","Monday"
"SAV","2023-01-17","14.75","14.8","14.75","14.8","3700","2023","01","3","Tuesday"
"SAV","2023-01-18","14.8","15","14.8","14.95","700","2023","01","3","Wednesday"
"SAV","2023-01-19","14.9","15.05","14.9","15.05","6100","2023","01","3","Thursday"
"SAV","2023-01-27","15.05","15.05","14.7","14.75","12600","2023","01","4","Friday"
"SAV","2023-01-30","14.85","15.1","14.85","15","18200","2023","01","5","Monday"
"SAV","2023-01-31","15","15.1","14.7","15.1","3900","2023","01","5","Tuesday"
"SAV","2023-02-01","14.9","15","14.75","14.8","16800","2023","02","5","Wednesday"
"SAV","2023-02-02","14.8","14.85","14.8","14.85","14600","2023","02","5","Thursday"
"SAV","2023-02-03","14.75","14.95","14.7","14.95","22000","2023","02","5","Friday"
"SAV","2023-02-06","14.6","14.95","14.5","14.95","7200","2023","02","6","Monday"
"SAV","2023-02-07","14.9","14.9","14.8","14.85","900","2023","02","6","Tuesday"
"SAV","2023-02-08","15","15","14.5","14.8","5100","2023","02","6","Wednesday"
"SAV","2023-02-09","14.55","14.8","14.4","14.8","1200","2023","02","6","Thursday"
"SAV","2023-02-10","14.3","14.7","14.25","14.4","7000","2023","02","6","Friday"
"SAV","2023-02-13","13.85","14.8","13.85","14.3","23400","2023","02","7","Monday"
"SAV","2023-02-14","14.05","14.4","14.05","14.1","5400","2023","02","7","Tuesday"
"SAV","2023-02-15","14.85","14.85","14.25","14.25","2400","2023","02","7","Wednesday"
"SAV","2023-02-16","14.25","14.75","14.25","14.75","5300","2023","02","7","Thursday"
"SAV","2023-02-17","14.7","14.7","14.15","14.4","4100","2023","02","7","Friday"
